2534.83060041, 2562.37886673, 857.057487916, 3363.05142692, 3054.12149115, 968.242470761, 5938.35393682, 3735.99482975, 842.385023849, 1732.52065665, 1871.5013444, 603.708075196, 3544.69739096, 2668.86780866, 663.558899657, 2403.25174283, 2478.78003237, 847.680976439, 1188.91306821, 1324.07841747, 422.626268744, 1530.45955393, 2124.17780911, 629.604305322, 2020.10290665, 1929.70475223, 676.152441768, 2585.27965687, 2983.87453112, 1400.72527171, 2579.2326035, 2137.81818684, 616.429021625
1757.91756955, 2483.64785477, 719.244092198, 2517.9965467, 3043.27086919, 972.356674753, 5239.22877227, 3959.45959883, 1002.61044167, 1695.25413811, 1575.50731577, 437.695062431, 3061.02916432, 2514.63511703, 647.473302167, 1686.00526425, 2253.19762716, 838.985146012, 1014.24355539, 1156.02460202, 406.817337082, 1325.61509791, 1959.82394887, 630.66534813, 1495.82169731, 1820.62704692, 529.579588544, 1849.95172006, 2724.36577207, 1192.08381329, 2395.2709993, 2063.54644414, 552.887449887
1432.4822431, 1558.77034699, 593.599208685, 758.421147982, 1514.78021324, 693.48109002, 505.12768085, 929.228787651, 318.534582402, 638.673750578, 1019.92331888, 325.071977413, 647.170014495, 1088.8110965, 321.630500072, 1774.84406385, 2056.81464174, 899.782256963, 1349.0555753, 1645.74549526, 569.841432801, 1422.3015693, 1808.58457912, 635.786577914, 1432.53645974, 1613.28891883, 588.554482726, 1863.69819243, 2663.16787318, 1589.72849603, 1032.64474666, 1564.983006, 625.167246211
2230.88853286, 2138.03303412, 583.765402978, 3021.52370238, 2931.05421172, 964.553768429, 5832.64310791, 3665.57089466, 836.660741717, 1702.00955083, 1590.66703008, 405.736098342, 3479.12850132, 2297.024714, 552.684891274, 2131.2671791, 2197.61533165, 681.782562793, 1200.72347187, 926.161427632, 306.775306924, 1596.88532589, 1869.7632298, 585.782106005, 1694.35392395, 1687.53551731, 533.905188871, 2375.74962548, 2549.38528632, 1176.25864414, 1978.37756861, 1961.82663959, 465.899451917
1795.9797008, 1906.51743384, 875.866714569, 2846.08658926, 2528.83400167, 648.733715082, 4326.63717176, 3538.8800626, 1070.08771777, 1291.60694224, 1380.81197166, 415.75986375, 2999.79088542, 2461.02335288, 577.37441446, 2146.98568191, 2092.63372405, 601.055218569, 1335.6843995, 1036.8105794, 238.77718699, 2112.99168034, 1832.44693209, 416.888664778, 1462.13678136, 1499.03212507, 501.550064696, 2471.64906424, 2639.64216959, 809.531533307, 1590.27080561, 1767.26706321, 402.835490945
1373.45899355, 2086.71158735, 654.783362671, 1955.89465612, 2786.83623095, 903.700111218, 3067.59495492, 3453.16261624, 870.377982172, 1804.77957862, 2067.01383023, 652.971676466, 2649.16160671, 2741.50726397, 699.370982992, 1480.24483303, 2052.3427614, 603.421526782, 1232.193644, 1142.6744095, 337.49233988, 1280.93660437, 1536.05522171, 522.629604345, 1206.3444442, 1770.89732938, 469.487693428, 1648.4441571, 2414.41912255, 997.199902568, 1725.84019475, 1666.68623321, 435.475747503
1704.80424425, 2059.44937899, 694.469629065, 2783.00789268, 2530.82004311, 734.110037237, 4578.81506686, 3213.75922206, 867.216014082, 2051.06071688, 2242.79441444, 736.48758109, 3385.70102734, 2781.99514879, 774.141198114, 1252.74634001, 1847.64715711, 672.982773444, 908.780673901, 1108.45521319, 389.769657875, 959.824999917, 1634.93137016, 563.828349495, 1012.56683503, 1728.04951906, 643.67231798, 1649.90256898, 2248.62623663, 856.316522244, 2446.65559807, 2073.92536528, 643.980302508
1706.01624347, 2129.31326502, 736.423828847, 2016.17823293, 3005.6523506, 900.407654011, 4293.37627131, 3813.92729157, 857.782353495, 1081.45548736, 1553.74242643, 476.699496667, 2756.20157254, 2495.85335338, 602.914773134, 1768.83838815, 2414.94412774, 753.893780658, 1132.6049216, 1267.28269815, 411.942909175, 1576.29204612, 2196.6723445, 596.758729068, 1408.02327112, 1907.16770419, 525.032663248, 1914.62201232, 2662.34478269, 1534.06075526, 1726.43615654, 1968.2028642, 536.447515016
1905.35594746, 2513.40878181, 771.558322087, 2916.01417036, 3084.46099576, 1062.47599852, 6138.43210239, 4370.39684537, 1142.19689578, 1632.48271791, 1762.26175705, 523.117395895, 3367.17888549, 2869.95053449, 703.121061504, 1989.32513377, 2228.2490178, 727.719461259, 1049.77555422, 1107.758364, 412.948281347, 1470.64719908, 1891.12018833, 646.08138901, 1658.96290669, 1726.39592216, 582.825146965, 1981.30318377, 2424.32501835, 926.182625414, 1485.62006428, 1578.8445442, 502.902224058
1112.65016918, 1866.74804996, 613.183428261, 768.846202744, 1426.82952452, 679.587558317, 513.155235763, 821.860380755, 291.887429077, 617.580241694, 1016.85910534, 359.47796453, 739.831876288, 1106.94807477, 353.922425502, 1419.44994486, 2370.84296483, 821.438138589, 945.07779504, 1530.08369129, 465.485993127, 1298.44095892, 1845.39281705, 630.357088402, 1096.52308465, 1859.23237561, 579.76950437, 1654.09803835, 2913.4844955, 1599.20868224, 1347.3448552, 1690.43226429, 703.719142302
1318.435195, 1671.00781164, 610.18380928, 1194.75266454, 1676.75051693, 654.416766135, 973.505573448, 1088.59970625, 323.567190473, 740.293764716, 1349.61494358, 451.732041, 1343.31966792, 1414.84206826, 380.875193875, 1687.37953194, 2365.68092103, 931.234067522, 1265.4616596, 1455.54810775, 493.611004063, 1253.93068345, 1574.92500992, 546.826172386, 1387.99372553, 1728.58343396, 609.762762248, 1506.77909748, 2405.33196814, 1371.74291404, 1434.27668408, 1765.78961061, 688.998313693
1196.28023899, 1933.87238074, 613.172327969, 1854.44696349, 2113.70299835, 724.8041781, 3328.61785757, 2786.79353832, 784.236612347, 1454.22660879, 1784.77887071, 565.377534271, 2171.48293319, 2117.10922948, 591.194657283, 1106.35316925, 1804.29659103, 602.839023581, 681.568106689, 1007.98728457, 342.777736731, 953.597735217, 1555.3085698, 474.656422329, 862.094632524, 1597.55463181, 475.057288577, 1375.93424967, 1975.33910089, 770.444069808, 1712.46497215, 1674.86702863, 467.687669902
2020.63939646, 2695.30195402, 808.678490355, 2488.94339559, 2906.59253492, 984.328377452, 6019.42390982, 4466.7572842, 975.679838403, 1253.81866128, 1624.10654674, 494.973976605, 3096.91135859, 2577.27674792, 594.297002076, 1970.57055835, 2375.17284156, 758.130296329, 1120.7628379, 1132.74986268, 404.640697999, 1346.06106098, 1934.42869613, 636.825533515, 1679.69887251, 1872.79445301, 577.551336624, 1939.85552047, 2769.31665848, 1024.74147508, 1941.40584057, 1893.71004907, 549.693020461
1895.76137979, 3524.6188366, 2328.49565346, 3114.1014834, 2664.25813137, 798.386948315, 4702.22830257, 3428.44910785, 996.877742628, 1549.55720307, 1247.59490577, 377.560812108, 2943.25069023, 2229.62514714, 585.898792612, 2096.41285467, 2070.76851564, 764.81966532, 1121.58020555, 991.70630917, 295.731009732, 1459.81198463, 1687.75371269, 554.549286048, 1730.31628617, 1787.88303729, 851.092078829, 2240.59210928, 2522.84355414, 941.74385567, 1026.33611248, 1412.29893023, 501.23279725
1687.20003647, 2354.60504767, 554.447957099, 2447.43115066, 2950.15732533, 675.982960074, 3872.18495623, 3577.37115535, 1102.06654502, 1319.11595811, 1449.45421627, 309.087165181, 2931.44859214, 2461.84458066, 636.818693308, 1867.63437239, 2147.23973329, 667.661532831, 1093.75876, 842.681250813, 235.074613992, 1968.67927088, 2011.14509198, 611.123450853, 1341.32620468, 1375.09892299, 343.942176813, 2574.35698516, 3355.81704807, 1209.88889218, 1566.3639444, 1617.7717046, 405.671879257
1670.62292666, 1525.8619663, 669.470658447, 2147.88212741, 1871.06857191, 660.981373968, 3121.88994924, 2558.78115374, 743.361001407, 1239.77075975, 1378.37369642, 476.488672699, 2087.98647061, 2094.147031, 552.763159122, 1386.79258655, 1529.1830911, 646.457718207, 1085.83742139, 837.429593764, 354.968928234, 1301.11168001, 1404.5581968, 567.685759464, 1197.85270486, 1320.67956749, 545.999763492, 1574.56541059, 1927.72632483, 846.20936162, 1516.58545696, 1462.91150254, 487.895032005
1219.35296844, 1527.20933283, 576.461184433, 1706.9624407, 1623.96675025, 542.47725611, 2076.08342513, 1731.95167972, 548.080615389, 904.409919826, 991.937110304, 341.417706501, 1687.68171762, 1205.62933533, 358.370570048, 1218.95900226, 1571.58971206, 610.634751926, 794.971906958, 1073.63086784, 466.558832901, 1085.23300615, 1236.22733085, 492.436621836, 743.301986644, 999.880091621, 378.938446215, 1477.76731337, 1927.89270803, 1055.89643125, 908.440945945, 1058.15763745, 374.228057431
908.263753348, 1750.53995006, 506.188383089, 893.201704148, 1360.9786181, 511.934141302, 684.916698804, 876.416709091, 236.817873864, 632.299542161, 1237.1454251, 331.300689326, 896.947139821, 1138.07587613, 289.56616084, 1379.30074352, 2346.62501614, 818.68161186, 756.448183455, 1310.56856788, 393.957096717, 1048.52541463, 1708.34330751, 567.483517111, 921.036851813, 1709.84822908, 500.570831158, 1279.41277213, 2671.41182521, 1324.27030908, 1025.63250186, 1773.94593696, 548.467377173
1547.00666, 2214.72210115, 759.766374586, 1972.67216446, 1778.49163002, 574.356796205, 2428.4295772, 1839.19402173, 631.799810472, 1020.77025728, 1210.76647143, 394.280283791, 1980.31014855, 1370.7940752, 408.089005863, 1604.95042292, 2363.2487013, 805.385725079, 904.82370326, 1269.50271293, 469.077845232, 1175.50597208, 1560.95456163, 510.976616876, 901.444659183, 1302.70094107, 482.097622567, 1503.73121944, 1953.2783709, 702.397031836, 1110.07868207, 1354.71686958, 438.864488141
1211.02381697, 1945.19756075, 582.080912712, 1706.1688903, 2228.86097948, 649.48973956, 2499.55853062, 2771.44999671, 710.959682404, 2243.82885173, 2429.15655694, 716.839196498, 2266.59935683, 2439.09699942, 643.590628301, 1059.07533393, 1815.8076089, 627.182003925, 1100.45759772, 1105.47050966, 357.239457337, 1110.19471235, 1415.03817106, 503.764728957, 966.775733351, 1714.66566431, 515.306020695, 1120.01128953, 2277.31174353, 875.323708387, 1658.39674969, 1638.92203573, 588.892682398
1721.85816571, 1902.36829298, 663.408276446, 2367.79870824, 2387.24901507, 671.936721604, 3636.6128576, 2925.40223713, 697.543160864, 2191.55612518, 2253.69365409, 616.926926158, 2958.02014245, 2664.91799672, 627.927552528, 1558.40596146, 1807.07426165, 676.667738417, 1189.86395832, 1144.1998442, 369.80058988, 1422.51362161, 1611.09826611, 526.783346169, 1342.83405244, 1718.79731486, 573.385250757, 1995.96436489, 2341.94039196, 916.428426064, 1866.45673845, 1906.82689245, 552.400801065
2429.36511403, 6842.91120066, 5130.18688883, 3189.16383399, 4956.37625302, 2643.1749865, 5169.88504749, 4282.28811886, 1577.89203062, 1487.26168714, 1978.55270429, 1073.777261, 3205.24301406, 3155.03325331, 902.485222389, 2112.63457174, 2637.11252495, 1175.66522465, 1073.08570432, 1091.87983514, 354.142899546, 1721.87418636, 2168.77640048, 916.397253509, 1626.50139897, 2075.11278015, 1282.35510996, 2297.54966801, 3279.92276209, 1420.84692812, 1190.61821247, 1822.98347086, 801.083541351
1693.88018923, 2071.64965443, 793.313018067, 2460.62908079, 2698.9963406, 1071.29636606, 5171.28095994, 3632.3189266, 865.193318711, 1269.23931153, 1400.55000419, 442.710023528, 2961.19483448, 2240.01839193, 574.170079151, 1689.95547361, 2069.8640712, 834.578316007, 934.041646646, 858.769689176, 320.522246142, 1210.14753288, 1740.68208167, 637.572297115, 1380.30866975, 1722.03577833, 646.643465392, 1804.15304039, 2422.12415312, 1005.75531166, 1684.31017274, 1899.93971036, 472.273742002
1474.57130453, 2198.26055829, 692.990162805, 2425.84826143, 3206.03796802, 1138.49883922, 3614.0081506, 4337.02144454, 1186.38595608, 1198.29842961, 1750.6981424, 456.683540253, 2220.06845973, 3108.40703217, 665.635237839, 1647.46204985, 2353.11577018, 748.031728655, 859.064222042, 1167.95742885, 275.990029653, 1619.9606934, 1877.39529631, 536.360522167, 1079.37398881, 1586.27585824, 432.234560999, 2467.73701398, 3599.30347221, 1401.13387161, 1628.54653511, 1528.97124565, 489.060655171
2589.35777994, 2683.54871711, 809.06736881, 2660.61878078, 3308.47246477, 952.248890783, 5106.9772874, 4033.52624828, 939.755177449, 1543.67406892, 1787.86677891, 522.647408484, 3016.96738286, 2720.93038004, 604.206684957, 2660.12192167, 2560.93736763, 871.796298713, 1439.54778487, 1298.67772972, 451.820481466, 1846.42668187, 1959.69779338, 634.390283454, 2238.22046044, 2104.30460587, 714.74072368, 2717.15182686, 3012.22488549, 1563.90255525, 1672.21399235, 1844.87890831, 552.022518904
2547.24923811, 2365.44987149, 807.646316352, 2822.11250473, 3020.67959564, 884.477552016, 5266.29674704, 3672.14609128, 858.349204655, 1376.89259648, 1533.82476334, 430.779663407, 2859.24235187, 2356.03876151, 590.861858455, 2384.79298238, 2219.40523744, 781.575898255, 1316.64765389, 1117.44331257, 431.243858418, 2023.67223647, 1914.82696164, 595.194830213, 1855.3947588, 1749.54215191, 564.460552886, 2758.30957655, 2429.26750318, 1434.63571623, 2452.01586787, 1849.82858825, 561.289585372
1702.08123692, 1940.48067688, 541.045235295, 2884.02035478, 2705.13077946, 804.358414289, 4252.38688042, 3779.5144361, 1244.50565702, 1334.26539941, 1258.25171441, 362.45455288, 2801.55748984, 2515.51156398, 664.666732857, 1720.31218807, 2102.10718746, 519.027574411, 814.857619483, 966.016834705, 238.972318999, 1691.88563749, 1998.23501549, 557.37067964, 1114.72669993, 1385.46418315, 311.57764467, 2364.76302172, 3168.37135606, 956.486203834, 1350.35709926, 1604.20774744, 412.450492397
1240.04338818, 1624.02152854, 487.482046473, 1131.56471654, 1571.35636689, 585.802385295, 818.294581732, 1057.33855788, 307.073347918, 777.320539472, 1152.74486286, 406.572158996, 1105.1801339, 1370.29958339, 355.25119267, 1527.72922427, 1982.7744464, 706.688638858, 1069.58299739, 1329.11210316, 394.417964942, 1371.98178003, 1664.23727969, 570.440355679, 1249.56054173, 1653.37823677, 479.001575922, 1692.78066088, 2431.47551002, 1440.52744728, 1389.02652986, 1861.12666334, 632.3331136
1174.7906132, 1883.08525511, 535.620775685, 2005.51352364, 2709.2102915, 741.28085371, 3122.48101359, 3637.2696768, 1054.92270434, 1074.11968332, 1454.5464212, 327.528235773, 2088.43120008, 2419.39891803, 567.578995651, 1321.25449761, 2044.74231278, 577.109737254, 779.930905006, 945.379255635, 256.586555357, 1346.23209242, 2038.05646154, 603.380991647, 1027.74638312, 1377.22467222, 366.870343053, 2009.00815447, 3254.78536537, 1035.57816636, 983.740820828, 1298.29818801, 418.624205427
1895.76137979, 3524.6188366, 2328.49565346, 3114.1014834, 2664.25813137, 798.386948315, 4702.22830257, 3428.44910785, 996.877742628, 1549.55720307, 1247.59490577, 377.560812108, 2943.25069023, 2229.62514714, 585.898792612, 2096.41285467, 2070.76851564, 764.81966532, 1121.58020555, 991.70630917, 295.731009732, 1459.81198463, 1687.75371269, 554.549286048, 1730.31628617, 1787.88303729, 851.092078829, 2240.59210928, 2522.84355414, 941.74385567, 1026.33611248, 1412.29893023, 501.23279725
1127.95612781, 1776.27338466, 580.87635569, 878.450708925, 1126.80652613, 434.235604594, 569.885370489, 738.726879484, 224.239191107, 554.70258167, 902.924759477, 290.710033195, 778.021364677, 999.431458426, 281.560458045, 1628.64134348, 2612.04184434, 989.942854942, 960.904300202, 1427.24044571, 432.747952694, 1406.71345054, 2004.39220735, 592.877190096, 1120.13246913, 1805.34469494, 557.820804392, 1734.88029819, 2753.23657088, 1319.17895793, 1321.98488643, 1857.34346181, 806.989663967
3336.31766085, 6335.65832865, 4460.84936793, 3688.72455256, 4801.3043768, 1800.3922018, 5400.89683565, 5962.15599207, 1970.28972628, 2542.23867711, 3282.49679744, 819.029595085, 4091.51332359, 4557.06080335, 1272.85272166, 3110.36684797, 4661.39134568, 2032.54620457, 2485.66880249, 2763.408852, 774.905059289, 2950.30331928, 4021.14864507, 1449.65141265, 2809.56167869, 3719.5710306, 1947.69332077, 3428.08013401, 4876.94849868, 1652.07207404, 2735.10953048, 3933.36151323, 1494.96616231
835.581698031, 1576.20364112, 543.909612845, 1043.52779828, 1417.85829237, 428.663869928, 831.616710437, 961.874529795, 296.989215007, 594.061950074, 1079.88349884, 385.515464215, 1056.59094311, 1231.74934756, 346.888329422, 1040.38268897, 1991.08868043, 799.060979234, 899.714702415, 1259.35524622, 432.881934228, 963.521550204, 1605.80092406, 651.423221133, 884.964207461, 1633.17328002, 566.655861125, 1188.95899312, 2380.09824341, 1408.78823138, 869.994525924, 1772.75724424, 689.428058139
1050.91278471, 1811.05679999, 577.71050848, 752.379490454, 1603.10463176, 721.101596914, 541.950022526, 903.090867888, 311.261994206, 696.823200956, 1068.26518632, 339.60374349, 824.769582245, 1242.07446219, 373.871106237, 1458.73826666, 2246.37176393, 902.730121298, 816.083580812, 1396.51341071, 450.700785835, 1259.40373468, 1774.59298826, 629.159481995, 1026.39155204, 1766.31509598, 598.164407841, 1530.48149176, 2752.65437045, 1782.41711205, 1183.44043218, 1874.88458747, 715.640561723
1166.90823399, 1591.53223407, 571.619792641, 1028.72312565, 1605.67985299, 614.57504148, 725.109861827, 1029.32189592, 330.147817303, 875.008116227, 1074.01921716, 394.293487416, 971.159003004, 1316.85662765, 358.070039605, 1404.61162159, 2235.86903841, 872.334240715, 825.606719207, 1274.7848396, 397.07139684, 1131.77216041, 1623.74878814, 583.448160523, 1125.37999011, 1582.37588926, 519.467529043, 1437.59039175, 2675.34806812, 1596.8042487, 1312.64612057, 1602.77625378, 669.578077046
1357.63125286, 1756.93317094, 631.118089727, 1892.03047682, 1737.56761557, 579.203935225, 2459.05378133, 1838.23686976, 699.105920611, 1011.89121633, 1151.42702275, 429.929265446, 1916.89543102, 1368.50445129, 474.055333289, 1259.97236085, 1565.37208773, 564.887698297, 902.933664423, 1176.76756142, 464.308671781, 1213.06645157, 1443.29794851, 523.351506549, 835.797618141, 1071.12817706, 417.843324803, 1409.45441863, 1697.49820879, 720.626608726, 1164.22211553, 1276.79371883, 448.862198109
1778.64622143, 2226.93547959, 735.096605922, 3595.21096465, 2991.43260547, 934.472018273, 5403.63967552, 4423.63695328, 1479.66069104, 1427.32732981, 1452.54854644, 416.186291291, 3365.61875505, 2864.1101177, 742.477573922, 1356.95358483, 2183.92845847, 815.414724779, 747.639442652, 1052.00958496, 291.842102246, 1462.38472347, 2573.28176136, 984.08096208, 1017.89706899, 1485.52825229, 533.764297839, 1904.71758327, 3292.99318718, 1445.84980741, 1082.40956714, 1611.10476914, 539.753400824
1497.09805125, 1813.19901041, 749.326151038, 2404.55714431, 2344.83396918, 710.882157737, 4176.79783579, 3216.33160655, 705.0362755, 1764.84666747, 1693.03540318, 589.617535879, 2897.78687316, 2354.08889255, 601.938034413, 1197.83486546, 1603.19082654, 734.698271708, 729.283523234, 880.94293776, 367.227093587, 998.251465447, 1625.43911414, 619.580554867, 980.665896494, 1456.6107179, 516.174310658, 1454.70204941, 2139.43819947, 1024.46044852, 1518.02628401, 1608.38562593, 526.137232367
1275.67173335, 1934.46837347, 625.640372275, 1945.43307157, 2241.41353449, 644.797451599, 2940.11036156, 2990.24309173, 773.989304576, 1900.77019923, 2062.03458893, 619.305627908, 2389.72203162, 2282.37159608, 620.154229688, 1137.75273786, 1976.93295219, 684.591368893, 863.972179486, 1018.56039722, 319.935244876, 950.280161167, 1621.83531564, 438.258860122, 931.673147073, 1682.79010272, 494.931658498, 1371.1650998, 2346.21622368, 911.758826408, 1769.25454245, 1738.85454893, 486.252391104
1320.60422053, 1792.88685151, 594.7866035, 2348.51141714, 2304.02692558, 903.768069995, 4364.77639186, 3198.26998326, 676.268099826, 1449.4562731, 1566.37209043, 421.694923905, 3020.38592501, 2448.69734744, 530.27215694, 1243.69256796, 1887.73531864, 616.836531555, 1022.6672355, 1007.26866089, 289.645670473, 1058.25337063, 1412.64899875, 494.713837193, 915.669719209, 1467.35064658, 453.771417033, 1468.06679465, 2270.47248402, 816.469337373, 1813.95905146, 1628.10353049, 448.341369126
1094.90338878, 1725.34861608, 581.355776891, 1669.15987079, 2626.39392907, 1000.0979835, 2777.38061768, 3114.74717093, 637.636490282, 1362.53131082, 1490.49071237, 498.640907193, 1702.55619928, 1835.5571522, 470.207496617, 1062.26999836, 1762.5484289, 625.417045983, 740.38132015, 847.612464283, 307.504599078, 923.421105679, 1318.44286766, 478.976269884, 835.728102128, 1429.14630126, 470.838130583, 1265.58422041, 2212.98486223, 921.959077317, 1334.09505042, 1285.45609751, 469.724282475
962.75118157, 1527.28880365, 638.482725098, 814.924369455, 1555.3572177, 708.684820971, 614.707810593, 830.76452053, 356.25194522, 531.013314141, 824.204407123, 331.464295245, 922.313582946, 1036.10847552, 378.723740394, 1507.72516806, 2132.79789184, 784.230266482, 1033.44813781, 1453.39647909, 530.09177355, 1134.48590667, 1665.50435976, 499.996909639, 953.980704697, 1497.7409305, 603.987377995, 1693.00396018, 2623.34751211, 1402.21736766, 1102.11899238, 1490.6102338, 617.045042053
1157.46373205, 1565.80641102, 592.338406974, 1452.85470619, 1822.93381634, 796.938260585, 1762.89644572, 1660.50616576, 560.529595814, 778.705963955, 860.300969454, 334.774077307, 1556.2330542, 1149.22971794, 342.779634696, 1219.20939957, 1439.42365185, 584.057923949, 866.619827722, 1016.77057851, 401.100018929, 1191.54508198, 1398.9554706, 529.602032774, 766.712951072, 819.861849996, 299.114157199, 1644.66580604, 2367.58329135, 1273.09001054, 850.186432753, 991.3277885, 363.492607554
1520.8209395, 2138.42693373, 637.023102541, 2183.91334967, 2733.36369804, 836.489791435, 4840.48160228, 3686.76195494, 822.287480753, 1357.74915328, 1622.11771278, 484.386923263, 2903.54567969, 2401.4500437, 590.981402347, 1355.25063112, 2070.28507022, 708.965954303, 672.615986963, 925.449489223, 276.524288546, 1270.61638691, 1769.53180237, 534.740998054, 1183.99673768, 1770.73652035, 532.727844802, 1620.20838204, 2544.75129637, 1705.88688053, 2147.0246792, 1645.25386335, 510.47221842
1599.42491301, 1743.34233775, 621.460378082, 1150.26354538, 1399.52452721, 643.403932949, 675.863032787, 838.735751416, 308.94673163, 849.193520272, 1125.7441881, 345.427385886, 877.119992, 1126.96315685, 354.767446351, 1926.41603623, 2400.07936274, 936.015744115, 1054.18016083, 1477.67271886, 446.061506244, 1368.41267843, 2017.32241617, 671.345683958, 1499.54433827, 1765.8424481, 604.549328789, 2003.07237182, 2706.89065103, 1681.57190648, 1039.1774475, 1710.82560388, 640.287733514
1967.11582721, 2258.39344115, 909.867104832, 3168.80778059, 2823.61192941, 902.941174934, 4904.09759359, 3853.63395504, 1368.62450654, 1508.32930069, 1477.19629748, 519.050770404, 3452.27452698, 2546.80856639, 795.482621364, 2113.58985467, 2119.54129768, 798.537981578, 1305.72180981, 1050.61297726, 299.241368904, 1776.17933447, 2552.43428538, 1310.00539874, 1582.95487277, 1571.63541944, 568.654152795, 2402.3956264, 2964.47492889, 1168.48635176, 1222.71530967, 3024.55520049, 1687.9210972
1288.23159495, 1823.49766368, 698.529102129, 1702.5162105, 1806.10580467, 688.324346959, 2084.85955077, 1551.65440268, 526.140868436, 833.832705913, 1006.00191097, 348.322841844, 1714.68492697, 1230.1163874, 362.919876683, 1465.29202585, 2007.39558555, 755.932482651, 806.310673563, 1071.01856017, 403.279043048, 998.879966107, 1333.56779289, 471.338800034, 790.282506476, 940.717763293, 340.94165409, 1616.23702039, 2534.76350449, 1326.63703809, 996.006562786, 1220.02885951, 406.319874447
1872.64604246, 2108.93918941, 775.072990024, 2546.56311648, 2381.41787136, 691.016757777, 3865.44913104, 3231.00275149, 815.505975075, 1674.52699614, 1677.91239994, 545.714701222, 2693.73392645, 2448.5794583, 622.250085657, 1710.83781566, 1977.10337429, 792.168808554, 1185.89565649, 1262.7480438, 435.9843334, 1547.12480324, 1742.75731721, 598.15795252, 1364.93441632, 1739.74314826, 650.665231719, 2029.06851525, 2438.92492502, 933.742317113, 2216.3449827, 1754.26935717, 559.759061035
793.627444899, 1483.96189547, 493.355998941, 746.67476907, 1675.51668162, 542.969713185, 586.212217386, 1059.57177946, 273.162032337, 554.712669526, 1184.69594545, 402.597462312, 761.670317281, 1335.41501111, 340.618544319, 1188.20637191, 2000.05613764, 667.511398745, 721.437276546, 1224.54113019, 367.718043735, 1097.31171861, 1553.94361693, 530.22385506, 754.690526982, 1455.51864821, 462.183942328, 1309.89017682, 2453.72853737, 1294.14022294, 919.730201291, 1617.56858883, 629.327746329
1270.92509263, 1674.46835849, 498.848366226, 1070.7628448, 1501.13628796, 529.890607155, 830.090595672, 1054.58294273, 310.193821551, 652.983785941, 1176.41973786, 364.515542123, 1074.00207708, 1367.72868529, 367.085822532, 1498.42586258, 2096.38482484, 706.676993503, 1135.50472077, 1467.72736168, 455.085084387, 1109.38350313, 1683.76249745, 605.322664194, 1282.72616481, 1687.94807947, 487.585557131, 1541.82942222, 2508.67617062, 1178.42659945, 1320.54054656, 1737.58543232, 755.028124091
1120.25346927, 1762.3815387, 555.032581128, 1702.68657238, 2098.00186101, 583.50702191, 2725.35884186, 2457.93997809, 657.246081777, 1428.97532316, 1581.62119248, 445.464927305, 1940.19830572, 1727.17122769, 490.29530513, 935.886534498, 1549.87591226, 544.914561925, 566.715493791, 795.473659604, 288.446329844, 863.960147693, 1395.34066105, 483.130170834, 746.500931058, 1451.53861428, 420.724276678, 1206.28119533, 1935.25894215, 849.341136223, 1080.59507114, 1241.75685527, 366.299518415
1204.3014681, 1845.3158841, 604.636098603, 1684.61015379, 2260.09351548, 607.25571063, 2828.18340752, 3089.41461215, 668.190266163, 920.662392738, 1201.04932938, 413.162738696, 1971.5929631, 1907.84000632, 459.40898304, 1045.81913854, 1789.90721073, 619.054292461, 521.092263584, 959.435470795, 319.722293105, 870.391008367, 1374.47346675, 469.821149709, 860.818642235, 1555.59170502, 474.776432721, 1236.11740212, 2109.56887856, 911.9780664, 1029.34007538, 1259.06157035, 364.376537349
1662.75991531, 2131.2682673, 1136.16897818, 2386.103407, 2268.3625429, 715.515327801, 3752.22788321, 3653.19333966, 1134.41897231, 1167.93407233, 1175.51994983, 370.632755426, 2409.40692502, 2383.38264881, 598.924705539, 1571.54137679, 1964.34470497, 693.909048366, 875.991448615, 905.023652199, 264.517688025, 1541.15901616, 1966.91253463, 766.725211732, 1106.04981451, 1346.40375476, 606.740929197, 1987.01793862, 2706.64504027, 1114.58597518, 1187.1360314, 1929.53409469, 806.708412721
2160.78959225, 2464.52603783, 689.420274097, 2521.20366924, 2952.72935314, 812.629930969, 5155.61370339, 4304.49901959, 836.753470053, 1850.1534958, 1674.8801899, 470.439012403, 3189.01711452, 2726.69472473, 573.570976051, 1892.50409221, 2262.52387359, 695.451961239, 1122.36870521, 1116.89858217, 430.714814806, 1378.39158516, 1765.48360548, 563.509555247, 1659.92238981, 1812.74691609, 533.36463034, 1986.70200473, 2982.91013792, 1565.44723114, 2092.28968721, 1756.78038139, 513.376814157
1621.90909385, 2105.37364175, 546.577909504, 3079.06985428, 2719.418455, 569.117270517, 4944.68104372, 3668.83797305, 1103.80249053, 1295.59200472, 1369.05358531, 285.647185629, 3224.72772204, 2438.02858635, 609.857363527, 1694.02861692, 2355.64709151, 619.447323717, 878.41260038, 911.890338943, 241.840575572, 1168.90914107, 1596.3834428, 451.292795131, 1240.97593808, 1531.08265625, 374.686520218, 1938.0588606, 2966.28494518, 992.558323004, 1308.22825783, 1441.40924984, 389.18717239
1910.28499747, 2307.12496623, 830.00885477, 2564.69366525, 2828.05396718, 1134.15829758, 5106.48693004, 3683.147608, 1013.84801372, 1507.58746745, 1680.26200203, 584.988336441, 3225.81027737, 2406.32153198, 676.356010067, 1730.26927296, 2262.65563566, 777.946758166, 1042.11942551, 1050.34525833, 439.044190873, 1216.54433696, 1916.64658804, 616.167535111, 1511.98653597, 1750.31527449, 569.123531654, 1973.52384106, 2654.52551979, 1333.0393738, 2670.57438401, 1966.65189552, 504.510496247
1972.58570406, 2381.52695284, 719.972797273, 2497.39008736, 3034.63282131, 1012.93500295, 5372.7617778, 4106.97788103, 912.71471783, 1240.93483613, 1525.90837869, 485.506054741, 3139.67788971, 2450.25284906, 637.846189648, 2004.09279854, 2309.80690748, 689.30672507, 1027.72540921, 944.771361547, 326.305417679, 1425.49813087, 1793.08804171, 561.942843722, 1607.32462926, 1856.99562718, 593.310597561, 2235.41743932, 2879.59209067, 1257.12755442, 2000.20014517, 1818.8320224, 551.836232624
1526.462697, 1934.80821114, 719.332407537, 1989.35612303, 1746.23494726, 572.927073263, 2298.02610107, 1725.42205967, 538.875713532, 967.559989278, 1069.56921661, 409.563831373, 1851.34057208, 1226.09544794, 406.257566696, 1311.02391753, 1387.69877858, 533.505375105, 886.749352459, 1080.09440587, 436.789709963, 1538.02110684, 1880.47580398, 658.795526673, 777.490640341, 955.75783265, 366.634126186, 1895.13799864, 2352.95954974, 1052.94264894, 990.855764966, 1224.10626944, 429.943223138
1296.99280569, 1706.96991668, 607.864211602, 1046.9648966, 1424.10599465, 430.947741412, 698.868457375, 946.476102795, 257.783079063, 781.524341848, 1061.00552999, 325.636023737, 992.276581832, 1247.39276174, 326.764265091, 1631.69537676, 2237.19172814, 843.791460267, 983.023036289, 1390.03414035, 427.750806912, 1312.10732738, 1861.6533323, 645.220307133, 1255.57943747, 1673.95744049, 575.463717494, 1647.21231292, 2860.06877807, 1631.06234367, 1215.99328812, 1652.49027777, 708.512122881
1379.51706792, 1649.23075166, 587.763232492, 1626.63593979, 1593.1801186, 562.843453213, 2013.08032851, 1766.79724567, 682.118077449, 910.653520832, 1240.05832973, 431.45483784, 1596.52429377, 1344.09700064, 486.366373534, 1323.03205687, 1643.05038551, 592.720114129, 831.095696857, 1200.77720427, 436.634429431, 1120.22095119, 1399.69859429, 522.920410817, 833.398240263, 1071.06392082, 390.723693676, 1519.54603519, 1911.44207254, 757.396347885, 992.796392374, 1243.9314102, 425.97760658
1226.47094055, 1560.75604916, 661.992243644, 1682.23865901, 2043.95426236, 724.530437502, 2294.41683944, 2546.6246108, 718.587242751, 1730.1648639, 1790.38890511, 674.284977285, 2091.45509504, 2051.79744687, 620.880379045, 1429.48858939, 1689.94596496, 756.178723983, 1160.98636408, 1103.23591645, 423.748427625, 1401.99289839, 1614.08783532, 623.946094642, 1021.89266314, 1421.46044211, 566.252529157, 1667.53025818, 2164.03959794, 955.019495364, 1661.98639376, 1655.31707828, 501.107675284
1423.33377914, 2023.273825, 749.692604777, 969.766293253, 1425.53000098, 471.154828895, 658.025856326, 925.769369127, 291.60226009, 782.352008271, 1256.04642238, 434.133180058, 887.588094365, 1195.36166286, 370.590404533, 1952.33872901, 2826.40956899, 1135.91795984, 1138.99946834, 1561.71627622, 537.833588383, 1203.11153293, 1858.7740462, 635.948341311, 1469.45221869, 2063.52905714, 714.823074562, 1842.23697713, 2966.4073802, 1575.77077253, 1274.46134635, 1975.90086369, 690.632125356
2255.37381201, 3694.56774748, 1389.19811562, 2568.2301302, 2824.49623581, 922.020969282, 4053.64752812, 3920.57001191, 1385.76480756, 1336.28145541, 1349.01095301, 459.825091713, 2880.97889205, 2706.17175249, 770.992464728, 1624.68807943, 2459.2916797, 755.507834862, 909.831597491, 1144.7940226, 311.456393746, 1335.32932717, 2359.24915359, 937.116489274, 1442.04667874, 2255.71848734, 700.273822038, 2094.5705875, 3479.73629448, 1183.30025027, 1056.12194146, 1611.12851312, 802.89636203
917.323437183, 1560.02700972, 660.18886037, 680.719888886, 1428.50432744, 626.348103067, 509.264975271, 880.435436362, 291.705784814, 553.897215827, 1014.3201344, 380.768768179, 734.357804086, 1090.54636375, 340.072108996, 1338.32224132, 2108.25231713, 909.239407927, 670.852635656, 1152.53767043, 412.740725103, 731.485930736, 1618.92132045, 669.763657326, 940.298029327, 1599.19321782, 605.523099332, 1313.65551217, 2756.46192641, 1597.74241521, 790.099781555, 1628.2002482, 645.412134635
2237.18902213, 2511.9877853, 701.884262049, 2426.21738792, 3436.19286461, 831.482999009, 4469.48997393, 4094.23004663, 796.109368323, 1379.00840795, 1653.66373876, 425.067591107, 2501.30611967, 2492.28623672, 533.258622319, 2402.56437895, 2410.88503491, 763.494699428, 1277.44669832, 969.899076097, 283.798848515, 1683.240568, 1926.97600584, 628.635185869, 1962.25627466, 1879.57104921, 566.182020662, 2452.2451836, 2758.03522867, 1125.81498659, 2484.66393453, 2063.20291635, 495.783173425
1397.95234346, 2107.40183214, 721.241983549, 1711.988589, 1735.09794622, 622.264684908, 2154.40370241, 1697.07567336, 558.294914808, 873.950283416, 1106.61756788, 410.621426206, 1769.97293967, 1251.91955495, 404.778192228, 1256.15223681, 1504.68785534, 564.875026017, 904.596078272, 1086.87836738, 398.773219849, 1197.81405139, 1686.13106704, 590.475215018, 876.187686729, 1045.66796498, 384.868937851, 1610.40708449, 2313.13891674, 1082.25262831, 924.082859252, 1166.30932265, 373.343461885
1403.57904886, 2106.20023203, 778.725851746, 1643.62174105, 1896.01765476, 712.270832304, 2002.03392355, 1779.79029602, 567.491815119, 907.608790111, 1158.7157557, 410.150628874, 1779.15090963, 1232.00113544, 399.654311339, 1396.10326053, 1836.15183287, 709.307509318, 973.412796143, 1365.6805293, 537.000653851, 1365.15926188, 1748.39882676, 595.772853811, 753.00096055, 910.674426857, 363.055191261, 1742.86858259, 2428.22437483, 1117.02880199, 883.317263344, 1131.42641761, 386.251304404
778.677438316, 1482.10912728, 530.99990339, 774.289480536, 1573.64993175, 619.56632002, 544.860340467, 887.157722604, 299.378089756, 613.867791767, 944.582964001, 294.527866624, 830.658928401, 1118.63784521, 303.42548255, 1069.35712766, 1988.47937807, 861.503903171, 642.259637819, 1250.95748967, 438.334244733, 791.595880694, 1578.2066301, 590.371443975, 772.168909946, 1517.44514676, 527.560901578, 1152.34953543, 2424.12940401, 1556.63478615, 760.202614168, 1396.5181955, 661.522916498
1518.98045284, 2192.22871891, 598.026354885, 2664.07976024, 2982.04988285, 858.786906034, 4619.05816324, 3789.38835109, 1221.41989261, 1251.05160771, 1225.33663597, 367.119992481, 3128.51180637, 2507.12985671, 662.046586563, 1825.85586104, 2756.11691408, 839.486640913, 870.022116903, 1055.31179338, 263.531200148, 1646.20123511, 2017.76944107, 571.934464164, 1152.39559092, 1519.62385607, 413.552194475, 2591.03196368, 4246.68591379, 1563.96564208, 1311.29426376, 1563.49607428, 470.770743101
1965.50000555, 2213.82704765, 654.661117412, 2748.83545402, 2651.37291113, 680.792919233, 4005.34498765, 3429.81936416, 752.25635342, 2323.95498903, 2452.93600821, 641.576744935, 3154.53725115, 3017.19304243, 725.786097455, 1671.00081271, 2077.90130854, 669.237703773, 1332.75004632, 1195.63927586, 438.723479764, 1412.22377602, 1613.32778134, 617.264142106, 1400.86460949, 1898.17951467, 574.920180366, 1950.99421612, 2666.32898384, 958.566045897, 2097.75729395, 1953.29269299, 525.283788896
806.328481118, 1325.72101359, 533.377559692, 690.554412916, 1508.28573693, 675.826299811, 481.31377052, 882.644202551, 328.42116963, 458.884221972, 896.42019439, 298.694259436, 689.901889872, 1116.10797593, 349.180579613, 964.906175728, 1715.53023196, 802.063313806, 675.230534073, 1119.81385535, 419.480427556, 978.853476117, 1721.08321162, 614.757880397, 788.30252089, 1318.07020067, 512.59989015, 1215.75915435, 2648.68291156, 1730.72493316, 828.146437619, 1552.61488343, 614.9104438
1184.5016954, 1823.16021269, 592.036807755, 838.590905729, 1366.76550846, 649.271764982, 563.035204901, 831.940022744, 345.697135943, 607.485702158, 1053.82026612, 372.173228292, 819.62673186, 1163.71663753, 403.454060692, 1584.64946684, 2412.55298969, 981.95701918, 961.019581072, 1391.57180194, 452.739668315, 1404.91105572, 1917.7179895, 731.914923556, 1135.76118677, 1801.37192499, 578.435954344, 1881.51607332, 2843.08032024, 1755.53965961, 1342.70579638, 1976.15764458, 804.75235873
1696.18947266, 2456.85923491, 1290.64443903, 2948.45893179, 2932.83301351, 1067.28435542, 4586.68578693, 4325.91741274, 2003.78301789, 1308.76666948, 1256.0041004, 511.626829834, 3013.09307419, 2722.81765341, 1008.84509152, 1344.07165445, 2160.67982183, 895.104605114, 670.809538949, 954.012556941, 353.6515981, 1307.3942835, 2920.02147963, 1834.05780321, 909.948962238, 1551.34258136, 668.216133786, 1990.30693192, 3055.97702507, 1605.22577633, 1158.54938995, 2131.65719045, 1389.94811687
2415.1622602, 2461.54639785, 772.315689849, 3200.73152648, 2958.96769056, 973.863103249, 6171.49825558, 4057.21571291, 801.581368008, 1536.14819195, 1692.78257083, 508.222972123, 3424.72346701, 2685.88484082, 572.661254496, 2180.56965375, 2242.81297517, 750.24544076, 1273.06977368, 1170.94870574, 398.648632297, 1585.72831015, 1770.9203785, 645.44377719, 1830.54913254, 1827.29717877, 571.128774683, 2376.65543698, 2855.55419007, 1304.41022393, 2054.17609289, 1901.83862641, 556.051290525
1200.06433637, 2278.40022786, 927.999250571, 1658.60059992, 4024.00466083, 2181.41582899, 2396.84752707, 3070.55761271, 712.660753358, 1986.14600677, 2385.15718726, 727.794617188, 1950.36965767, 2473.02942733, 677.260021421, 1282.46993409, 3309.40963207, 1717.26074949, 784.659788539, 942.463966524, 336.315845822, 860.672848267, 1452.9158608, 509.479920773, 949.494027609, 1767.72373674, 788.076040701, 1090.99706442, 2260.73636787, 1029.07238225, 1378.40424557, 1429.09919924, 479.309495642
1094.08647508, 1409.14637803, 548.966130808, 1736.66616999, 1491.56628697, 519.605745305, 2218.67174001, 1623.8460498, 476.147950634, 769.765974541, 852.436948851, 331.908672302, 1718.96667297, 1140.49861578, 363.636746829, 1053.64567806, 1406.87846256, 536.824559253, 724.111067079, 1025.92444862, 409.877997998, 983.850758159, 1259.48591784, 469.657140849, 648.730734052, 800.136154226, 291.361348555, 1286.63698925, 1902.32466221, 974.318407388, 883.625868745, 955.870337005, 346.702972473
1132.00845463, 1652.30474321, 657.480668949, 1566.18743199, 1629.65411142, 557.180558811, 2111.55558573, 1683.80933236, 525.279296514, 840.779024721, 998.323257729, 345.828365547, 1772.61917575, 1222.72178516, 366.010024409, 1282.66428108, 1764.97707823, 640.374911797, 803.517809618, 1069.66128081, 389.565470188, 1203.14303175, 1381.18537298, 471.827133921, 698.336439016, 869.676823761, 313.603754394, 1501.49962112, 2110.35214684, 960.313993965, 874.169573668, 1059.80936503, 343.064500429
1706.78690177, 1765.27825348, 496.65305812, 2771.17823246, 2212.29956217, 565.208265282, 4456.27048352, 3281.52361183, 1113.14511082, 2543.22044327, 3556.64523614, 1168.10037056, 2829.77155456, 2062.28540417, 573.516976833, 1822.78577384, 1647.11632525, 548.771364592, 942.011914915, 701.577520038, 248.091187021, 1485.17441212, 1498.96887924, 517.509624582, 1359.44357938, 1120.84613106, 336.103337068, 2087.27995059, 2385.86039325, 898.191631412, 1217.79476334, 1296.20072574, 390.018684131
1371.15051904, 1792.4448146, 606.861196681, 2057.4090141, 2480.32484749, 687.917984477, 3102.00050749, 3247.88492616, 691.104823968, 1728.34825959, 2014.38769972, 498.117069641, 2315.21451816, 2506.96320629, 593.943785483, 1313.08992228, 1652.28370067, 643.743897864, 1068.78232445, 1060.44938807, 358.199566748, 1196.58211772, 1565.95615065, 515.770073475, 1276.38794995, 1561.68139382, 511.107330761, 1437.82025565, 2108.49707033, 835.167576785, 1810.63769716, 1863.65573241, 542.989112215
1811.49149454, 2443.597223, 685.372422976, 2752.8156037, 2848.18213292, 948.822051699, 5861.70443647, 3777.00794299, 953.740296529, 1362.31923413, 1654.43272725, 465.026448887, 3157.27039292, 2395.02158868, 588.304555046, 1953.34329944, 2196.3098318, 643.543085811, 1043.26888506, 1153.20353008, 365.64951266, 1542.94836575, 2085.75144131, 581.017030022, 1576.68302271, 1755.32139675, 507.578030769, 2046.40626257, 2742.72228923, 1475.38725531, 1917.27972218, 2167.08174746, 603.038623378
1695.74123478, 2412.65334981, 716.226609849, 2459.37706267, 2984.52161282, 761.803601724, 5471.62777623, 4059.37883134, 916.077283668, 1372.88378285, 1451.22882719, 417.597770868, 3139.95845031, 2440.19550855, 559.616133192, 1596.66425478, 2226.01339252, 749.129777122, 904.538931465, 869.692040437, 295.964853421, 1255.83740855, 1673.70899964, 530.893975863, 1308.41361057, 1613.77019165, 580.913780335, 1677.15536993, 2917.050958, 1393.44594721, 1986.24203693, 1646.98606604, 481.900787784
1462.82071519, 1728.93333345, 621.878408507, 2110.03734306, 1659.95965458, 580.939674092, 2741.92768947, 1878.19270695, 674.949941903, 1079.05821751, 1045.08120919, 352.761531898, 2137.16653506, 1274.75635699, 383.178150889, 1514.08565604, 1770.83504722, 677.352552396, 959.148775473, 1095.45791894, 416.775483041, 1255.08519786, 1607.57111508, 562.317717841, 915.483469155, 1001.31664248, 363.441282067, 1827.14814839, 2496.02136988, 959.286275909, 1020.23029665, 1176.62917971, 401.928685196
1306.83134042, 1781.13839466, 557.411721446, 948.027079871, 1703.4431602, 624.283183558, 654.074050294, 927.639490883, 315.437513814, 653.815347515, 1111.53354558, 305.659322597, 945.997070664, 1235.51820635, 337.523045013, 1524.72729276, 2210.67595415, 806.54477839, 961.773500673, 1380.30582253, 448.470888645, 1175.790959, 2039.31385422, 602.97234133, 1258.29767885, 1739.72080721, 533.75075189, 1721.06455059, 2962.87169234, 1697.77655023, 1344.28286312, 2133.74531787, 619.846177184
1284.89929272, 1648.96008282, 561.675864333, 1358.19643069, 1611.8548986, 658.309799317, 1077.64912778, 1089.90261405, 337.915275409, 819.129796302, 1028.19783619, 353.401182221, 1486.24083292, 1442.12048114, 373.94831495, 1544.25238494, 2111.98785025, 818.286304713, 1142.53899415, 1339.64113428, 456.628431288, 1316.33864092, 1539.95015164, 584.774836517, 1294.43441572, 1632.06089319, 570.535689725, 1535.21741545, 2526.95480961, 1423.30107031, 1153.07735881, 1432.55837598, 609.427635945
1466.32630942, 1905.16219198, 748.023444761, 2118.22190994, 2567.74053986, 881.887859014, 3130.61768651, 2929.99905006, 752.549039003, 2129.15571155, 1964.27694283, 698.116649756, 2387.03398703, 2259.1094025, 622.141287164, 1277.77731873, 1743.11964876, 704.15020268, 821.164929976, 1006.73968394, 360.098780132, 1127.74578487, 1496.42689313, 492.233392312, 978.858825442, 1507.43937115, 555.140428271, 1635.29354635, 2189.61068272, 915.601953261, 1432.01486216, 1271.63203933, 406.634467517
1660.09560085, 2402.95094339, 733.095894228, 2564.39606951, 2972.0685086, 1043.6165206, 5884.78376355, 4107.8476184, 874.317489043, 1478.63264722, 1624.60540447, 470.68082116, 3460.05400337, 2415.97557089, 565.753036732, 1679.20881424, 2249.86090161, 750.600542631, 929.336002866, 815.256377644, 358.642090199, 1414.4160228, 1798.9293826, 634.51791467, 1223.21704891, 1705.53356853, 560.661491247, 2099.66323125, 2780.91604794, 1335.73574339, 1888.25438943, 1753.67637576, 494.998886166
1046.27662825, 1527.76532946, 624.017467139, 1326.85693937, 1513.57526351, 513.815230313, 1646.2162207, 1611.17043084, 520.044678715, 764.627794903, 951.737272556, 318.99833926, 1456.9659818, 1199.27038741, 363.986293682, 1212.87867326, 1562.06649539, 590.209886471, 776.846884758, 1238.40635789, 501.227958999, 1015.91399274, 1362.59257375, 464.06809302, 717.012065106, 939.635535327, 344.860696302, 1317.97505615, 1845.00814157, 885.517721479, 829.356424277, 1196.55358078, 391.531359228
1518.25953888, 2062.94225667, 564.324264796, 2477.37506682, 2847.9770613, 777.362061114, 3493.37293097, 3718.70110339, 1003.83556022, 1319.62026873, 1390.82906255, 358.503816293, 2028.6853512, 2686.57497578, 522.673805981, 1482.3952937, 2232.01890169, 550.515677801, 839.917695453, 1154.31914244, 250.20268835, 1295.95327703, 1877.08111161, 532.44554911, 1155.53975475, 1581.46575747, 346.624337817, 1872.47539436, 2740.33551927, 884.826820564, 1153.56805973, 1578.87702086, 436.983690006
1543.06501188, 2019.95004146, 615.871330408, 2273.05948917, 2837.92805348, 911.093441812, 4976.36164512, 3680.44982355, 847.710772174, 1201.67858347, 1512.99487046, 387.250795161, 3146.82888287, 2407.15719656, 559.294193937, 1806.59993048, 2128.43999497, 748.144006903, 894.161744752, 862.019705449, 343.334438995, 1279.20953044, 1575.9754266, 608.37876041, 1269.92149712, 1612.38562882, 527.082987627, 1816.50378412, 2416.21188117, 1472.74330023, 1320.79361578, 1495.72710626, 500.986761647
1677.33523311, 2136.87774279, 971.558467832, 2745.68293017, 2841.20975576, 982.880373988, 4306.74370305, 4169.11077681, 1923.03988403, 1379.75535922, 1389.89118661, 473.905228616, 2861.56708691, 2607.17120734, 982.24765547, 1965.42549036, 2200.00217455, 834.237035177, 1011.37500184, 868.171677437, 300.3480838, 1853.52818402, 2340.11297511, 868.832640641, 1413.3403903, 1631.66259823, 638.894073226, 2628.80459378, 3790.40754289, 1493.61549522, 1306.7907157, 1823.0188109, 638.03345231
1152.49338292, 1671.21126795, 602.54045063, 1681.88034112, 1937.42258543, 644.183913021, 2604.19409611, 2625.73459604, 720.020079931, 1730.87254352, 1558.0394742, 576.504451233, 2035.98802759, 1794.24704829, 535.582585299, 1144.43297273, 1716.20102645, 603.961434755, 840.955080962, 916.370733603, 293.40265124, 831.441838564, 1490.36357538, 473.547426803, 832.015017212, 1384.98214126, 448.406116541, 1277.66884782, 2159.4039597, 867.792385536, 1594.59658147, 1453.3336107, 480.590296632
1016.50735938, 1600.82867951, 599.224857853, 1337.22272457, 2341.09252066, 1119.29962537, 1818.75944291, 2036.11471706, 537.999911613, 1090.8915621, 1301.02833484, 375.887142119, 1498.45851581, 1574.03923363, 394.060705159, 995.798372451, 1816.52112679, 663.021394831, 604.132013796, 834.594155802, 279.679299686, 800.928667265, 1415.76678463, 449.809810234, 618.017270899, 1381.20524039, 423.027769689, 1283.58866063, 2137.65102032, 801.893977072, 1261.99776338, 1247.60520745, 431.580617871
1890.56637564, 2132.42242659, 695.279553885, 2663.12421853, 2973.32770116, 862.689693858, 5508.54037127, 3754.29843671, 847.352683942, 1424.14012027, 1496.97878786, 452.979430166, 3350.94515423, 2386.71863317, 544.740251757, 1985.99633073, 2395.23658322, 744.195830497, 1017.19356928, 865.060995185, 341.663454942, 1456.38454942, 1699.61732015, 643.736163215, 1572.45960546, 1764.31684652, 491.730788403, 2070.01319389, 2751.33045464, 1196.16218123, 1898.58513382, 1713.75857976, 537.78360803
2052.82239291, 2215.25707462, 674.459101584, 3158.05986483, 2796.85489095, 716.586103251, 5117.4592714, 3547.10657072, 871.946911442, 2300.431741, 2205.01565897, 669.255201202, 3334.12586994, 2925.17768222, 742.860042542, 1655.90947035, 1924.91815887, 682.751018193, 1042.2805775, 1088.05552853, 365.588460257, 1229.86403773, 1558.03242273, 606.348254695, 1469.55365581, 1851.42717531, 616.741386612, 1866.03928726, 2341.79327275, 890.352355323, 2009.5276938, 1682.79762344, 527.240544851
2022.06441347, 2362.14435506, 732.324641152, 2455.96325812, 2989.70600414, 958.502115462, 4665.88188849, 3856.52687905, 918.670967334, 1332.41525621, 1630.15639087, 541.53883297, 2808.6025031, 2653.15770724, 646.926461515, 2163.59305652, 2235.68296262, 776.314108177, 1093.6297487, 828.65939758, 323.621043833, 1474.39984438, 1784.12442729, 593.902736307, 1820.46238658, 1718.12190161, 574.190348775, 2299.36397382, 2724.89993626, 1085.47317593, 1840.61508839, 1769.59238122, 465.943307263
1967.11582721, 2258.39344115, 909.867104832, 3168.80778059, 2823.61192941, 902.941174934, 4904.09759359, 3853.63395504, 1368.62450654, 1508.32930069, 1477.19629748, 519.050770404, 3452.27452698, 2546.80856639, 795.482621364, 2113.58985467, 2119.54129768, 798.537981578, 1305.72180981, 1050.61297726, 299.241368904, 1776.17933447, 2552.43428538, 1310.00539874, 1582.95487277, 1571.63541944, 568.654152795, 2402.3956264, 2964.47492889, 1168.48635176, 1222.71530967, 3024.55520049, 1687.9210972
1979.16301362, 2497.3509676, 753.133756361, 2816.68651908, 3118.91278684, 971.576030742, 5877.39078022, 4188.38776423, 884.921333569, 1558.87812703, 1716.02966472, 490.067408329, 3311.95370877, 2749.60471178, 618.938377366, 2217.17771182, 2405.93289614, 822.283476194, 1379.18280755, 1246.06268012, 442.248642285, 1697.89257823, 2100.27433881, 666.274078378, 1768.85663046, 1799.90946475, 627.507930893, 2420.69736485, 2948.91261206, 1182.12530137, 2261.09105742, 2219.60619253, 588.75540345
2327.15945872, 2228.44351934, 551.222668716, 3191.42881391, 3108.84343177, 637.795987751, 4586.0196716, 4024.68777562, 1038.52673428, 1689.56423478, 1480.20886473, 346.12250316, 3211.29831207, 2814.44938093, 596.94852221, 2445.69141842, 2186.96427297, 619.943563641, 1304.21409816, 1005.06691486, 244.329944367, 1986.57791053, 2013.09632883, 495.631303959, 1953.6498172, 1495.05458394, 397.760966355, 2649.92783571, 3057.04880288, 942.934369182, 1446.28158235, 1727.93087288, 445.780475483
1461.67358854, 2026.74271344, 654.640494399, 1914.93431124, 2009.49723686, 711.562042626, 2446.19569532, 1907.07062477, 698.372547662, 1054.27125352, 1210.4219057, 416.685192319, 2033.30550493, 1377.94464731, 475.312553764, 1386.72628106, 1653.96065433, 556.341022844, 884.534848867, 1071.89549937, 396.786674307, 1284.13432069, 1642.16040727, 599.736963062, 895.65625679, 1065.17740197, 382.506160107, 1731.2673654, 2185.23760313, 800.075573425, 963.245306382, 1241.67955636, 460.563103425
1965.46102035, 1860.26143194, 458.716268119, 3000.38672638, 2522.31799626, 655.304682383, 4437.78082646, 3566.8217242, 1164.04526744, 1359.30468369, 1301.53453051, 356.456160218, 2706.42397488, 2329.46592777, 638.911219859, 2198.21386176, 1936.55707851, 517.679288064, 1235.74049173, 970.842156156, 259.836441477, 2014.31772396, 1604.07769919, 533.707397261, 1597.32578666, 1370.65337871, 389.517326913, 2603.65141078, 2500.59461072, 724.386556477, 1594.18968636, 1486.18318889, 431.414977148
1765.84033653, 2530.27553973, 1064.95430937, 2544.7948147, 2489.02847585, 751.080566121, 3932.68651509, 3947.62122599, 1545.07104006, 1105.94538059, 1112.1619355, 404.454398296, 2474.57419842, 2515.2908834, 731.289850755, 1698.59650675, 2534.42087666, 881.946664985, 838.734872712, 1021.42969977, 300.376037129, 1360.01403947, 2205.2662398, 838.763884235, 1186.36374022, 1511.06530634, 623.35110172, 2311.94932924, 3954.40867023, 1456.61436068, 1087.5761662, 1440.91881245, 513.873556902
1441.37257819, 1953.45300666, 696.575343551, 1977.71144409, 2550.96136642, 941.417876509, 4555.31743548, 3459.62090205, 868.307991667, 1121.30382404, 1384.57824968, 419.62390014, 2590.57858144, 2190.93168552, 593.700970593, 1447.84117742, 1866.96964147, 675.169040096, 872.177263056, 821.864799982, 312.059878313, 1101.25416382, 1862.79014221, 582.948508014, 1294.85647641, 1532.61866453, 521.033716252, 1491.47847681, 2312.02251771, 1405.9862288, 1881.56695023, 1845.07042078, 547.538996791
2109.28088332, 2219.86994989, 549.64190683, 3216.14256964, 2807.04390326, 694.528240352, 4971.39724826, 3639.25507508, 1083.08419763, 1489.31452026, 1304.61192977, 328.016063462, 3522.90787936, 2458.58467962, 583.933748874, 2097.09871247, 2354.31525591, 686.556988574, 1193.25043358, 1035.05724715, 252.773904039, 1843.77435401, 2065.57428948, 645.370370845, 1549.0891043, 1496.26474793, 372.857535447, 2493.09317105, 3197.87411364, 1079.91286286, 1350.66739424, 1538.48443855, 467.170174744
1846.17999767, 1987.71344501, 614.169125038, 2339.86656215, 2926.97283799, 1197.03648774, 4803.04127648, 3838.83495188, 905.56320869, 1438.92710268, 1578.96921453, 456.851149312, 2999.72706434, 2699.40508974, 604.730310267, 1908.71828361, 2057.98166845, 679.106281976, 1114.66546852, 913.986818647, 269.403744041, 1428.49864308, 1638.38420625, 521.299283795, 1771.51295937, 1544.2991731, 587.533404038, 1907.10114931, 2298.06642293, 1073.97989565, 1732.5250572, 1655.55727647, 516.068973926
1149.97234244, 1773.03279818, 622.679419342, 1552.24709161, 1723.71025057, 571.982958117, 2250.43090054, 1867.51419578, 648.585753895, 861.267794527, 1107.65598342, 384.8221361, 1865.2310978, 1368.13234972, 458.657531416, 1130.11755822, 1696.14377211, 619.379369173, 718.362669486, 1075.39742345, 414.000393158, 1106.89318251, 1489.95949948, 530.846198168, 676.299437658, 1034.10033517, 381.028312708, 1194.98117648, 1868.72054209, 814.75995258, 888.897120344, 1245.20095917, 419.546055723
691.405274065, 1509.86887353, 470.507922639, 690.342095491, 1530.86051457, 545.615619727, 506.783393788, 956.440843997, 296.572278613, 545.730750637, 1152.16121759, 359.429118718, 639.562266967, 1146.7392358, 330.941222189, 1002.42005153, 2029.6707861, 770.323408554, 635.426075721, 1299.45035255, 409.044627771, 738.912933833, 1511.38955691, 544.700622595, 718.354772843, 1535.52652873, 455.966239894, 984.348423489, 2587.49360443, 1887.48207797, 734.003003881, 1480.49055026, 559.945427541
1806.64476559, 2338.63084933, 1010.19023311, 2990.27289227, 2763.76042997, 684.556038772, 4626.8943964, 3720.17880721, 1167.87550146, 1413.17206318, 1387.66969011, 464.567228555, 3084.05293831, 2443.63687479, 599.751493374, 1674.38583636, 2297.99945661, 696.487332088, 993.1101629, 1036.22979271, 274.698216126, 1425.46957233, 2034.56399378, 608.744452235, 1366.4078405, 1638.29695191, 480.230136621, 2166.08550919, 3407.24018019, 1170.09949483, 1231.24302576, 1566.67952548, 441.318256672
1524.3343461, 2195.77395611, 534.909633672, 2758.38235279, 2796.33330118, 676.477079303, 4374.98957992, 3776.70298911, 1094.06103452, 1327.59287146, 1369.85361199, 305.479892442, 3076.83987487, 2506.07997813, 601.031230485, 1451.329797, 2225.48432642, 675.898350808, 833.076919057, 973.539978026, 273.433456694, 1250.91326467, 1722.14711989, 561.308706974, 947.763434044, 1589.30572769, 368.209322721, 1947.82576481, 2939.86440131, 1023.47345184, 910.823868275, 1449.50775142, 448.194828711
1165.46929474, 1517.18379789, 620.517561415, 939.951544931, 1499.7330026, 747.889070081, 715.655148398, 942.224804434, 349.035998191, 710.036212469, 1240.92546145, 521.304605834, 925.329984846, 1225.05783208, 400.047880415, 1601.93882555, 2246.71215456, 835.702947575, 1075.11451827, 1304.42426138, 466.386594489, 1216.25749632, 1627.8971706, 625.824193481, 1228.68221802, 1529.18654212, 598.927475498, 1523.99795289, 2729.77344859, 1618.04076519, 1333.14699602, 1928.30204473, 813.26226147
1326.23448504, 1863.71798179, 496.612749293, 930.836841639, 1747.21892557, 733.562406852, 641.871972887, 1045.17276555, 344.673732975, 677.140760839, 1155.28535163, 305.354302768, 859.30547935, 1395.30992298, 382.180063052, 1670.47728625, 2360.62730461, 750.603341588, 1053.35651367, 1472.81620217, 380.11829596, 1352.58849711, 2024.99026606, 585.035749794, 1302.12868962, 1823.95314377, 499.230158417, 1902.67912501, 3072.51027035, 1830.96105745, 1168.16551791, 1753.25083733, 646.00510465
1093.79694483, 1715.24444661, 600.966935819, 1870.93961256, 2954.49985058, 1164.85357006, 3026.71513857, 2787.95100391, 719.568568287, 1963.46440074, 1800.70463754, 529.988922483, 2385.32931373, 2148.20305953, 568.196563331, 1020.84103961, 1684.23496297, 679.276969789, 714.771785846, 969.43064647, 385.753698029, 843.121471293, 1462.27138139, 552.534913686, 899.706032686, 1299.58608614, 565.914226694, 1109.7385135, 2078.07149948, 904.38730661, 1326.12072454, 1375.93703836, 399.99274307
2145.78570572, 2890.44030208, 1467.90088912, 3044.20799436, 2769.02163052, 965.942776701, 4621.68263121, 3936.02295081, 1934.00771343, 1286.52754844, 1287.20348995, 400.616453827, 3076.43699757, 2448.18563912, 896.850805623, 2122.64506732, 2362.24062663, 818.141789305, 1165.55505379, 1025.30151798, 271.617373341, 1791.63501876, 2092.0117156, 866.010163765, 1519.67517077, 1675.60358162, 761.69585951, 2441.05770296, 3227.56084979, 1184.51249828, 1155.19970595, 1385.93264045, 495.870550573
2429.36511403, 6842.91120066, 5130.18688883, 3189.16383399, 4956.37625302, 2643.1749865, 5169.88504749, 4282.28811886, 1577.89203062, 1487.26168714, 1978.55270429, 1073.777261, 3205.24301406, 3155.03325331, 902.485222389, 2112.63457174, 2637.11252495, 1175.66522465, 1073.08570432, 1091.87983514, 354.142899546, 1721.87418636, 2168.77640048, 916.397253509, 1626.50139897, 2075.11278015, 1282.35510996, 2297.54966801, 3279.92276209, 1420.84692812, 1190.61821247, 1822.98347086, 801.083541351
1379.56231623, 1867.77387511, 639.707638712, 1172.24510773, 1478.28888172, 444.740161991, 898.817028023, 992.769740168, 315.457010684, 765.191622887, 1145.64599958, 407.542753172, 1154.72126786, 1261.37626735, 391.923894375, 1715.83832943, 2397.87198365, 854.433128047, 1346.55376682, 1526.44047733, 477.47409429, 1180.48761082, 1904.10969658, 694.715110324, 1490.2585666, 1910.11712401, 636.709378551, 1487.37126484, 2637.55957676, 1589.39643592, 1361.93091124, 1812.54237093, 616.543028842
1372.77282168, 1761.41673422, 581.95198285, 1100.10908287, 1665.4381964, 666.231037357, 754.156208137, 1008.07113091, 324.917697154, 825.476921344, 1135.5594236, 406.597497074, 1061.36857832, 1335.38738856, 375.144960031, 1672.10238147, 2156.51556686, 782.847770428, 1015.69715564, 1324.36909575, 423.867139721, 1283.44668846, 1721.49514182, 562.929652094, 1325.80556854, 1739.16252824, 584.116580642, 1779.41726279, 2685.94997674, 1611.05424829, 1129.989289, 1918.48687943, 752.426578961
1238.2419951, 1730.93452411, 624.325380301, 1742.59480115, 2072.17113297, 648.536550121, 2671.10553377, 2705.35237586, 749.3025495, 1965.39572307, 1772.10688868, 599.960132769, 2534.4722692, 2014.93164174, 620.904054292, 1472.29448417, 1813.96698023, 632.685909113, 1343.73568534, 1053.00615576, 318.549317677, 1354.93419221, 1571.27758499, 513.467092605, 1228.4532415, 1604.39601451, 473.234718423, 1590.97208353, 2117.3449397, 894.666682635, 1204.43043976, 1347.88382202, 429.306620713
2097.99676227, 1877.61789657, 672.912364573, 3457.97732466, 2504.48920735, 683.178314327, 5791.16017077, 3577.14421935, 918.628630366, 2263.74828041, 1990.79705747, 590.318756433, 3723.60939888, 2531.54725088, 702.541734796, 1479.71548927, 1889.28687274, 750.576509278, 917.266181913, 904.90175024, 368.030197705, 1179.7794566, 1580.43033617, 504.246274117, 1266.97191827, 1517.35600597, 531.115844587, 1819.89737847, 2410.04571892, 961.319757214, 1440.12809181, 1334.08429091, 427.134236007
1007.71876076, 1554.19704775, 565.73741635, 1147.7623528, 1433.80639779, 473.784022585, 798.753911266, 995.004745592, 315.352165142, 718.193494259, 1123.17653657, 414.093880639, 1043.9266619, 1216.36493812, 369.111682142, 1290.74838026, 2087.31002891, 788.854135896, 639.092258654, 1279.95648597, 403.185968124, 816.18312037, 1549.02572003, 603.267513164, 864.432730027, 1468.04336686, 524.184760297, 1197.066162, 2299.40555739, 1292.43601697, 933.126479381, 1526.08888401, 579.538757426
1124.83177292, 1604.45402671, 577.523408015, 688.802306261, 1217.47376553, 531.336861527, 463.991820014, 815.458502865, 292.536105281, 556.087130757, 1081.67866242, 361.728434634, 668.325243562, 1187.94938077, 366.246016616, 1514.22004072, 2072.41855313, 825.15076359, 987.349042764, 1306.80779979, 428.454436645, 1380.34326593, 1807.62519043, 653.575218326, 1154.99387607, 1649.54068288, 557.239112528, 1426.29294632, 2442.41751841, 1739.38128812, 1243.29636151, 1563.98377495, 664.977425808
2035.53170659, 2341.35955865, 716.060768288, 2461.42747344, 2913.36719697, 904.288221537, 4607.55233337, 3561.41167647, 836.121133288, 1428.12175117, 1563.06125392, 473.186141171, 2713.61974966, 2476.63658539, 575.296040474, 1977.36328599, 2280.57245183, 801.098152149, 1110.98026819, 1114.2113433, 378.395208687, 1242.80545497, 1707.7958583, 547.943153079, 1756.92690788, 1708.49504142, 557.811789931, 2100.26311443, 2886.76347926, 1245.22789696, 1534.85654792, 1832.26912542, 502.173244276
1374.60556313, 2060.76585529, 526.866877937, 2317.00425762, 2274.75875743, 648.055297172, 3588.87129879, 3086.4622082, 756.305887447, 1958.53269528, 2002.28999607, 624.181478168, 2736.40785935, 2511.09517028, 624.095292144, 1499.73946488, 1997.78191245, 586.277508896, 1125.8253245, 1241.75756635, 382.717117339, 1412.5693209, 1615.01069536, 492.54998801, 1275.6854981, 1890.40753966, 494.373514908, 1831.48710877, 2251.74832237, 765.701793855, 1976.57547175, 1917.86772387, 528.008969729
1252.54462395, 1801.94678878, 515.942237444, 1181.04455232, 1467.58436113, 517.895889175, 894.094742503, 998.188169952, 287.01553495, 756.666851226, 1319.26455655, 426.961161047, 1188.59140907, 1351.10254963, 370.308685039, 1457.051536, 2327.27043185, 637.617101372, 1028.27039859, 1499.94676123, 400.807201506, 1272.32236714, 1965.96897127, 647.927079828, 1252.68626125, 1790.62517386, 497.878547323, 1678.90167392, 2728.66463611, 1131.47976447, 1156.40208136, 2014.79732597, 694.331556228
2581.55758846, 2667.05030898, 793.988920966, 3217.4028203, 3406.00071369, 958.653867996, 5685.92324147, 4628.92443778, 1052.86734458, 1926.37595003, 2132.05945464, 604.656641439, 3418.2205529, 3282.73458082, 807.854235271, 2420.58220503, 2356.86243368, 745.321921804, 1432.41541438, 1206.04768605, 409.085157046, 1893.69082974, 2011.98615626, 644.068849708, 2156.18487888, 1819.40055944, 608.417647594, 2419.53005353, 2959.6829415, 1588.96777378, 2175.93501251, 2007.07778338, 577.15012664
1965.46102035, 1860.26143194, 458.716268119, 3000.38672638, 2522.31799626, 655.304682383, 4437.78082646, 3566.8217242, 1164.04526744, 1359.30468369, 1301.53453051, 356.456160218, 2706.42397488, 2329.46592777, 638.911219859, 2198.21386176, 1936.55707851, 517.679288064, 1235.74049173, 970.842156156, 259.836441477, 2014.31772396, 1604.07769919, 533.707397261, 1597.32578666, 1370.65337871, 389.517326913, 2603.65141078, 2500.59461072, 724.386556477, 1594.18968636, 1486.18318889, 431.414977148
1282.92900501, 1805.85382636, 665.31138659, 1525.58917756, 1676.52136529, 542.342495602, 1920.07457374, 1694.40642758, 493.031645738, 855.775697133, 1090.28809766, 362.355949122, 1620.96844588, 1252.82676996, 360.200450524, 1071.60617595, 1389.42623023, 512.465837911, 687.940673303, 936.14139433, 361.14189914, 1126.46642349, 1548.48970589, 537.849158216, 713.584149925, 933.258238024, 353.506232928, 1467.74158835, 2127.41440681, 960.37865433, 840.670867867, 1141.08409514, 374.420917514
1331.25636305, 1721.26724635, 665.306220179, 1363.43687574, 1569.21472826, 623.344643691, 986.152545547, 1040.77773258, 334.357638963, 894.971545366, 1167.14868047, 461.916295483, 1290.13731906, 1333.32157859, 374.594571309, 1731.33697947, 2278.880138, 1114.19907142, 1015.12359425, 1367.34992271, 507.70125978, 1413.63848366, 1802.46440152, 670.927958417, 1220.11215289, 1680.46078691, 669.347295954, 1912.14092762, 2578.76538583, 1655.75271607, 1338.36824302, 1822.50581311, 598.371248439
1806.64476559, 2338.63084933, 1010.19023311, 2990.27289227, 2763.76042997, 684.556038772, 4626.8943964, 3720.17880721, 1167.87550146, 1413.17206318, 1387.66969011, 464.567228555, 3084.05293831, 2443.63687479, 599.751493374, 1674.38583636, 2297.99945661, 696.487332088, 993.1101629, 1036.22979271, 274.698216126, 1425.46957233, 2034.56399378, 608.744452235, 1366.4078405, 1638.29695191, 480.230136621, 2166.08550919, 3407.24018019, 1170.09949483, 1231.24302576, 1566.67952548, 441.318256672
967.250445883, 1320.91904471, 544.209774108, 1452.19894524, 1859.66300883, 758.928900737, 1826.36318084, 1629.22135962, 563.254026341, 861.074920663, 936.746419267, 354.453165055, 1791.96101821, 1222.06856681, 376.723769642, 1146.81715457, 1319.7596442, 573.481198511, 891.195378524, 1024.35050308, 378.975659428, 1077.12654305, 1171.20461089, 486.029632497, 712.061421622, 736.176911508, 292.590431529, 1373.04299025, 1741.92950358, 997.557694432, 831.061406765, 1043.852302, 386.374641998
1868.35980584, 1876.93486447, 715.734066885, 2487.34478076, 2318.62742393, 616.185603999, 3855.34821091, 3073.1854074, 676.944733477, 1462.08525806, 1601.60389282, 587.935539226, 2547.04385831, 2311.26565061, 534.548312623, 1651.34509919, 1702.91115463, 743.186786478, 1104.37378051, 1040.47646361, 386.323206345, 1375.89080159, 1584.00932848, 526.382860283, 1416.01499684, 1445.27866652, 662.668879462, 1872.35749848, 2082.83780333, 848.544957509, 1748.38178008, 1721.83430261, 531.004747892
1474.57130453, 2198.26055829, 692.990162805, 2425.84826143, 3206.03796802, 1138.49883922, 3614.0081506, 4337.02144454, 1186.38595608, 1198.29842961, 1750.6981424, 456.683540253, 2220.06845973, 3108.40703217, 665.635237839, 1647.46204985, 2353.11577018, 748.031728655, 859.064222042, 1167.95742885, 275.990029653, 1619.9606934, 1877.39529631, 536.360522167, 1079.37398881, 1586.27585824, 432.234560999, 2467.73701398, 3599.30347221, 1401.13387161, 1628.54653511, 1528.97124565, 489.060655171
1444.11493955, 1975.59797598, 736.324892492, 1585.63660906, 1759.73917934, 566.094323819, 2005.41796107, 1751.56990621, 565.797375235, 1183.62016952, 1692.016379, 573.787709325, 1746.05051212, 1309.36223598, 370.615166855, 1334.04082796, 1590.32477842, 597.345859338, 866.678255675, 1257.22420542, 531.879608793, 1378.67968679, 1744.52473564, 617.170389768, 838.73381149, 1001.27085979, 399.513014476, 1587.06780611, 2210.60247023, 1019.42734205, 1035.7254221, 1285.28112135, 409.438653703
1690.78275925, 2003.13899753, 691.459936619, 3052.31317687, 2541.58624002, 752.333538203, 5401.54152179, 3568.81282104, 893.899233529, 2058.71492101, 2015.70686561, 617.310245817, 3702.10706959, 2747.20373875, 725.798037846, 1505.04443572, 1981.96966095, 757.180538826, 1198.0091153, 1263.83140578, 426.141200598, 1393.52026693, 1615.20416189, 600.812415618, 1316.75537969, 1858.83467772, 631.656772133, 1697.63041044, 2342.30765809, 936.591548958, 2133.51176715, 1894.78788366, 486.653134151
1036.78564516, 1464.75934377, 617.088358693, 714.087676325, 1530.78855075, 680.364968006, 548.261026423, 867.233032854, 318.201564808, 649.547313359, 1139.40004064, 400.406067063, 805.447628974, 1234.22958426, 377.487821755, 1420.53119164, 1971.75056809, 910.15706658, 797.901853962, 1152.24574569, 475.555477132, 966.961163842, 1640.01406818, 626.547366504, 1058.41505184, 1477.21024651, 585.404700969, 1450.26930073, 2585.29432924, 1826.68651412, 963.453626744, 1782.37185791, 655.777055829
1514.99362463, 2286.03378491, 693.544019606, 2128.79159585, 2884.04923206, 960.29063392, 5213.89674986, 3896.24749841, 869.505751676, 1293.30452672, 1692.5545938, 411.530805002, 3046.88925894, 2553.37133511, 545.58973219, 1679.35344016, 2369.79617587, 729.996446493, 1016.8004784, 937.275975907, 292.781305828, 1431.34379996, 1772.15761063, 471.701962446, 1403.42545006, 1977.96199807, 550.912690492, 1709.75848778, 2434.99505516, 1431.86126734, 1685.91969206, 1734.58494188, 414.786864951
2125.18920633, 2524.32672965, 708.464961085, 2158.27320244, 3163.11917721, 980.651565223, 4547.81809607, 3728.49640261, 796.157105748, 1265.78772304, 1613.79718882, 409.954674586, 2620.75821396, 2566.62430598, 546.363404511, 2346.08678937, 2668.22024043, 819.963829037, 1164.24832058, 1031.89370303, 285.130851494, 1410.30004164, 2156.92901443, 532.139476265, 2020.42105038, 1886.00902203, 521.347747478, 2445.7206348, 3435.6254696, 1258.17283438, 1902.00362361, 2035.44216299, 487.252253206
1059.30702748, 1951.4772385, 725.00029654, 1982.84988284, 2488.22098033, 876.226883199, 3219.71126978, 3111.87203229, 1334.11459722, 1060.49583309, 1298.41565649, 413.419709332, 1991.9445887, 2219.934708, 645.341133975, 1323.00484038, 2266.28017247, 787.768430843, 677.238296862, 1063.43877307, 302.473852835, 1280.86099217, 1955.33079547, 644.316788301, 901.754888766, 1376.04919586, 450.109587735, 2432.94296863, 3767.71082725, 1589.19352053, 1255.606942, 1342.88520183, 517.963484
1225.27349647, 1769.78580229, 639.12512205, 1664.68908058, 2124.10446091, 604.487118977, 3060.27098373, 3010.55888633, 781.233563616, 1728.68544736, 1650.6656927, 579.313177707, 2215.47616066, 2052.26626628, 618.230333599, 1073.91904763, 1541.10244011, 676.365642747, 735.634756615, 1001.53558882, 380.712833241, 985.00579568, 1470.53601083, 525.660870868, 931.131558816, 1391.90978083, 575.895561293, 1470.79146523, 2091.51700478, 876.838353084, 1487.50029329, 1651.97584801, 487.881979396
1402.09272417, 2041.62835843, 601.384960008, 1030.22280759, 1523.0057872, 454.228696736, 872.10903917, 1067.99462043, 303.727550702, 695.195204845, 1254.19857288, 395.857542665, 1172.40882934, 1391.8540485, 393.477879168, 1471.39466481, 2174.57420192, 780.590889659, 1324.36174146, 1533.83198888, 444.805133483, 1219.37116223, 1867.33478481, 612.087492633, 1473.54408441, 1810.05544914, 539.52506819, 1401.16088994, 2571.07082308, 1520.13568291, 1133.42928747, 1881.53787007, 678.809055607
1530.32713048, 1977.65986496, 581.22012486, 2400.72727389, 2769.13867266, 1100.88852753, 3731.25704173, 3303.94425359, 725.799874379, 2234.42563244, 2164.54924052, 644.338857597, 2759.54885102, 2410.01219349, 614.522500566, 1476.50637842, 2271.56594644, 740.699986215, 924.250110904, 1096.44639867, 322.802720893, 1118.03101369, 1604.67158633, 468.871432537, 1004.66696448, 1692.41660504, 511.60501311, 1822.23171963, 2651.76150086, 1000.95458225, 1796.48477239, 1685.38236861, 469.672558766
1446.70043893, 1570.13563072, 567.439538956, 1030.39949675, 1299.62856659, 532.202028755, 681.64732757, 828.719352908, 307.913860408, 812.128788007, 1044.11252325, 355.551390042, 902.2933578, 1055.25616834, 366.167577741, 1830.86375342, 2468.44283978, 901.656484108, 1044.25897302, 1190.69717173, 396.814580262, 963.826893213, 1593.40587013, 599.39502074, 1449.70242347, 1557.84717241, 540.092084424, 1707.20243005, 2656.59230837, 1487.67144422, 976.535399462, 1781.25489948, 670.910553876
1712.38162684, 2386.55852971, 851.380340332, 1881.01155141, 1694.50603104, 552.02020866, 2201.29188698, 1735.88341719, 521.960017797, 985.544070104, 1066.18592884, 383.30297958, 1752.66904376, 1206.3619095, 354.411461224, 1503.54248776, 1898.34102141, 719.81025895, 948.857513434, 1200.92963411, 506.110501151, 1421.88019544, 1921.32400725, 679.502531839, 944.335309435, 1097.599377, 409.082464466, 1693.77984454, 2310.34378251, 1037.97842086, 936.486674899, 1309.98519188, 446.028394097
1812.84413423, 2150.89480014, 633.997148574, 2708.53935439, 2631.54619843, 624.488146468, 4361.9244271, 3666.78339584, 1170.42233926, 1391.94810704, 1372.43674335, 373.018403921, 2969.23114138, 2355.46868825, 659.410675415, 1853.54030355, 2337.56730891, 749.340735477, 919.126483784, 973.010554417, 270.330040516, 1346.72034847, 1842.62347319, 564.406546078, 1410.34659835, 1510.29107508, 447.607408429, 2089.18396709, 3006.14299562, 1188.55142576, 1136.26605433, 1561.90446538, 408.413089992
2248.8549725, 2438.64207521, 702.283187901, 2972.02597318, 2878.09213395, 970.665196146, 6067.67157635, 4037.34603586, 1066.86462902, 1475.4355407, 1712.2671299, 509.184684743, 3291.72414179, 2639.62613838, 706.566900621, 1912.0556538, 2368.61293548, 744.596465929, 1191.32313803, 1225.78570293, 388.296873627, 1645.23030197, 2073.43264782, 553.916280745, 1651.66252045, 1861.75228266, 583.887035473, 2134.93903214, 2897.19748862, 1267.44870642, 2020.87680108, 1752.03658084, 467.828431349
1538.45009592, 3310.08687319, 2136.04731613, 2991.56649878, 3044.26945285, 1073.51477332, 4659.83538655, 4125.42745317, 1165.26948638, 1281.03908506, 1510.94830464, 595.777060372, 2792.11717516, 2778.17267072, 616.538488307, 1585.19976558, 2557.33060813, 871.399970999, 799.085675663, 1166.56046381, 325.298955258, 1372.8294544, 2180.44966408, 740.843050678, 1034.16919747, 1724.48000651, 741.417677301, 2425.38348677, 3850.20654824, 1430.51104924, 1106.31677278, 1404.23638427, 513.114954294
909.968908396, 1656.40453915, 617.271759165, 663.075383605, 1260.33689116, 662.581918895, 513.263760912, 753.334097587, 298.697976324, 607.063474715, 1005.23096196, 328.410079904, 762.825448931, 989.008951539, 301.812513145, 1531.08463017, 2642.83186476, 1058.00880645, 763.334294548, 1282.77551344, 467.651802037, 882.307630828, 1708.32257002, 622.338386464, 943.979491505, 1659.83509351, 600.063274512, 1537.02066513, 3083.88311271, 1804.69484964, 1047.21021244, 1736.61203491, 628.948142459
1551.6632641, 1725.82731157, 653.838096772, 2956.45326739, 2803.49592521, 1106.31634225, 5105.90949563, 3487.47007527, 719.367726233, 2289.35633356, 1885.52391445, 589.516978652, 3639.5427019, 2464.52564429, 561.551392852, 1135.51051686, 1682.16211372, 747.085411284, 1118.77760082, 1115.55107528, 420.366093783, 886.892751311, 1507.18592589, 619.578828006, 947.169023873, 1382.90510993, 585.670941004, 1461.42191545, 2073.3246111, 976.92356541, 2149.49767716, 1783.24025696, 536.987284245
1043.87351941, 1656.5148256, 524.220344583, 1194.70664436, 1450.97494371, 414.416458722, 865.135573511, 982.757308497, 277.024824969, 777.81945342, 1183.27793736, 399.967927768, 1123.03773493, 1246.26890689, 337.469429309, 1378.43613469, 2195.20811881, 732.070250955, 925.14401362, 1452.51400997, 451.365485329, 1137.73862279, 1907.69967807, 617.066551466, 1023.2534875, 1672.51128015, 510.993350517, 1514.68412187, 2661.30869546, 1331.32380652, 1329.64149294, 2108.16680297, 731.004091438
1325.58016136, 2223.39002194, 702.973684623, 2339.82236863, 2904.85195692, 977.014393761, 5694.68886443, 4160.83218802, 912.138936638, 1514.46318798, 1575.01737629, 428.894488391, 3430.27557861, 2465.59973693, 580.487793184, 1389.79499789, 2215.95503039, 682.884578089, 958.284446804, 934.529603589, 313.623553989, 1029.15340746, 1736.10756058, 575.218921199, 1252.80991981, 1867.86002361, 612.205111515, 1532.4786068, 2488.83514597, 1089.77075581, 1967.31021997, 1716.66369264, 541.467624554
1538.45009592, 3310.08687319, 2136.04731613, 2991.56649878, 3044.26945285, 1073.51477332, 4659.83538655, 4125.42745317, 1165.26948638, 1281.03908506, 1510.94830464, 595.777060372, 2792.11717516, 2778.17267072, 616.538488307, 1585.19976558, 2557.33060813, 871.399970999, 799.085675663, 1166.56046381, 325.298955258, 1372.8294544, 2180.44966408, 740.843050678, 1034.16919747, 1724.48000651, 741.417677301, 2425.38348677, 3850.20654824, 1430.51104924, 1106.31677278, 1404.23638427, 513.114954294
1792.16409119, 1920.3279722, 600.157986379, 2379.51760019, 2695.63843237, 953.253505272, 4926.38078003, 3383.14056797, 851.58663423, 1403.49369407, 1297.7783371, 421.696548477, 2931.89299426, 2035.72341083, 591.943314769, 1605.06630772, 1820.7822519, 694.213349304, 804.609673867, 783.378020712, 329.996045896, 1330.75438123, 1667.99037483, 534.985379837, 1470.0941268, 1387.14733148, 549.42156973, 1803.79197929, 2271.0893429, 1097.81828736, 1859.74252149, 1657.44785531, 470.803766168
1014.8575847, 1625.13514164, 574.091066697, 1323.58610739, 2298.5176096, 1155.87680047, 1499.89053373, 1932.81931872, 654.874195184, 1474.60847781, 1445.43250798, 486.191252324, 1537.94850624, 1576.89916579, 492.258088081, 1151.25291936, 1684.56103761, 686.650722887, 699.343086192, 858.662442148, 336.278890049, 845.421148559, 1332.30059301, 537.591542085, 792.703434037, 1322.02210213, 521.483988937, 1294.7584247, 1980.40736116, 791.188835318, 1198.38673742, 1242.65665035, 444.483856262
1519.45393742, 2141.28393304, 705.299315865, 2098.55344494, 2840.60823402, 921.9314805, 4221.039324, 3693.40868505, 893.616857075, 1213.23599648, 1542.74800414, 498.854302951, 2458.75975199, 2483.86561537, 617.568860871, 1503.25058266, 2052.33733675, 673.883266807, 766.894159557, 941.116672898, 330.440038316, 1276.1490955, 1808.84421027, 510.813951324, 1137.41795815, 1702.7449369, 561.74821951, 1747.38879011, 2457.19712898, 1373.9659821, 2329.03840857, 1775.63310144, 480.335443763
2070.48340876, 2152.18948828, 506.64236134, 2800.8933333, 2732.39395313, 712.012186891, 4289.99963148, 3559.85075344, 1155.33249753, 1542.76854178, 1453.85583826, 361.421022145, 3123.85008927, 2320.65912764, 616.745365867, 1980.64813489, 2010.13009735, 512.323829909, 1018.41877684, 943.304301572, 231.333978445, 1737.58690162, 1866.99690582, 485.097966934, 1636.45877939, 1502.92829978, 347.181456259, 2211.42239994, 2726.30261084, 884.000770156, 1199.90854051, 1742.05607149, 421.807248207
1576.65162873, 1962.97581191, 584.067274158, 1913.08128858, 2129.13307796, 564.187807998, 3223.21973086, 2673.11739479, 667.266029884, 1496.6182719, 1552.3150552, 447.514039471, 2159.08486354, 1745.04833597, 476.024370594, 1649.24440918, 2023.27346747, 668.468066217, 958.020536383, 1006.68227306, 308.595662002, 1197.47064488, 1606.12691084, 516.343285701, 1356.15499151, 1743.27836441, 522.552242532, 1991.98728207, 2322.41006752, 878.82268853, 1423.74538038, 1509.06446736, 412.929384117
1475.50400478, 2185.08758239, 813.14484014, 1646.16342802, 1786.03001796, 640.238330966, 2067.66372309, 1713.2426825, 596.155304688, 990.523437444, 1136.0053322, 394.563760492, 1711.10695321, 1270.46787841, 393.235590075, 1220.74704879, 1674.3833169, 617.577450704, 748.024143626, 1070.6717782, 408.191925919, 1211.04339288, 1737.95449473, 607.636518427, 988.348451624, 1428.43740516, 534.076670564, 1572.09470939, 2334.36112301, 961.415302377, 936.014317658, 1181.33509536, 391.915837658
2087.99225599, 2200.05789441, 551.74936521, 3224.2975784, 2721.62618188, 582.649150843, 4656.83928757, 3790.08734373, 1046.96376819, 1398.02637756, 1371.44543587, 336.471321034, 2861.77545132, 2478.78949187, 593.208362955, 2039.18482501, 2306.4769768, 583.844527358, 991.771346531, 1084.55248281, 251.483951019, 1655.92208356, 1850.65639152, 484.540362539, 1538.51502554, 1606.32283029, 382.242376903, 2461.19154322, 2973.86347427, 993.136518544, 1315.98802169, 1357.26777408, 367.809335514
763.873250323, 1484.82143153, 562.74668747, 956.136366794, 1533.82097809, 385.450133824, 727.973277406, 1076.15912891, 229.668595113, 595.429983344, 1286.4692147, 428.27097913, 965.667350511, 1402.33835026, 311.883802583, 1014.39934422, 1927.78416524, 765.464375435, 772.346850047, 1249.71787909, 363.974775001, 1086.95584721, 1573.28167833, 485.560692159, 781.117612785, 1518.61831644, 521.22136398, 1173.62792752, 2189.80110055, 1423.76325382, 1110.85854358, 1649.19300537, 540.610669111
1770.23992377, 2187.49691146, 711.963089916, 2534.68125602, 2717.1217266, 735.063959184, 4092.22061635, 3770.82075354, 831.867266785, 2208.00359055, 2205.2448374, 578.086024198, 3317.80714595, 2955.99839877, 680.505506656, 1683.84266755, 1994.82107969, 706.63441772, 1317.0169091, 1180.55897853, 414.628744009, 1673.18535815, 1657.11679639, 619.870244818, 1438.31110711, 1816.65946038, 529.893269952, 2057.35161609, 2452.23368781, 966.482764745, 1692.63310379, 1655.5415052, 540.935998698
1778.64622143, 2226.93547959, 735.096605922, 3595.21096465, 2991.43260547, 934.472018273, 5403.63967552, 4423.63695328, 1479.66069104, 1427.32732981, 1452.54854644, 416.186291291, 3365.61875505, 2864.1101177, 742.477573922, 1356.95358483, 2183.92845847, 815.414724779, 747.639442652, 1052.00958496, 291.842102246, 1462.38472347, 2573.28176136, 984.08096208, 1017.89706899, 1485.52825229, 533.764297839, 1904.71758327, 3292.99318718, 1445.84980741, 1082.40956714, 1611.10476914, 539.753400824
1858.06774506, 2322.23356007, 787.924512229, 2703.89140843, 3230.88100829, 1074.6736152, 5572.65528233, 4201.35648359, 1018.60838326, 1430.47886845, 1681.44563403, 541.622255256, 3037.15353899, 2547.63767658, 659.543066733, 1798.99547249, 2470.43796791, 809.032132735, 1121.18161564, 1300.47100652, 426.950087979, 1486.24024893, 2062.57721442, 662.44649671, 1551.78930144, 1959.6793297, 604.604513402, 1893.13175187, 2896.52217668, 1687.21821817, 1995.99074272, 2076.39376001, 553.027083062
1708.2345964, 2910.72679185, 1800.58902041, 2639.5032356, 2557.09211222, 892.413612171, 3891.2465898, 3450.52044821, 1298.54403588, 1496.5636063, 1538.28058951, 557.449491145, 2604.93755907, 2381.41256772, 695.574516958, 1866.3504995, 2346.72428155, 724.157121946, 1062.33398864, 1140.10065229, 283.27178272, 1611.81685523, 2011.88145309, 650.97119432, 1464.69754387, 1921.84066388, 728.994751545, 2238.27417281, 2879.18033986, 1059.90939913, 1531.13965072, 1783.24184559, 530.131539356
1185.64460235, 1707.12102745, 615.677809573, 1555.18353037, 1695.22202542, 608.240948938, 2095.42215603, 1915.49513127, 730.085237702, 944.539116903, 1126.48046436, 430.597454625, 1879.10919631, 1433.29642926, 494.50892421, 1276.32926006, 1674.09846498, 602.470595003, 775.155987933, 1099.49219122, 440.268674343, 1156.61624122, 1543.70290007, 529.062115426, 763.441126518, 1066.23156359, 391.570208775, 1625.0753779, 2303.61106131, 1015.51424126, 959.333701839, 1234.06149694, 429.378537361
1800.75492998, 2379.18018667, 1016.10732665, 3278.43297132, 2662.54113624, 776.176540895, 4933.38948085, 3781.036887, 1071.96423643, 1438.75220012, 1368.65927537, 508.81036352, 3353.32468997, 2493.22915096, 619.79694489, 1864.40565305, 2306.67430186, 704.447500291, 1015.05861204, 1146.35800733, 250.781250908, 1521.51192319, 1731.10835501, 522.649894925, 1405.89723459, 1715.03741111, 535.893952028, 2268.20453943, 2835.19103435, 1024.52065549, 1349.32688199, 1610.04363455, 456.85454933
1224.07877207, 1681.80347489, 636.695401657, 1420.99714431, 1373.84248926, 471.425096851, 1750.53860042, 1443.68100317, 488.606741475, 823.256934821, 947.255228745, 336.345289361, 1406.79559939, 1087.0934699, 352.450064941, 1205.59302539, 1560.1287557, 605.382379872, 748.265996406, 1095.57523602, 418.717310518, 1101.13166136, 1265.3610558, 442.681912218, 658.834190647, 864.936905749, 331.998774214, 1319.97944166, 1768.10749991, 1058.502827, 920.313930136, 1002.39732088, 350.636792192
1406.73607372, 1877.95624167, 628.393921045, 1862.64015296, 1756.98936714, 539.610108628, 2228.52589675, 1958.48633471, 630.496757802, 1007.23880247, 1181.72466232, 375.674543353, 1737.26970894, 1391.63178065, 417.201030951, 1334.20154072, 1682.82367764, 589.637884529, 878.907904367, 1133.13954699, 407.647476681, 1170.83489933, 1400.93803724, 498.544227914, 903.087217937, 1169.02650137, 393.696024764, 1567.82317256, 1795.10082, 684.695969579, 1099.58297711, 1272.39855327, 426.426659588
1382.40988759, 1941.35274179, 684.480610632, 2273.94658801, 2786.85450633, 1264.6014328, 3479.30997844, 2939.87111639, 881.64250364, 1953.42911007, 1921.58199433, 599.393549154, 2914.28008915, 2394.23797473, 683.997970062, 1199.8237086, 2270.05855264, 934.09014662, 827.897056363, 1001.48061063, 330.926412301, 916.838610957, 1550.12833824, 539.248460679, 1046.95896926, 1610.94007702, 529.648182325, 1288.97268117, 2344.52963443, 882.151221694, 1181.97675375, 1514.19267901, 442.181553226
2475.7586961, 2614.3981243, 791.297827255, 2935.08957157, 3239.32182543, 967.937582298, 5324.5073955, 4127.94056676, 937.127872581, 1621.64017717, 1948.17028979, 568.640566936, 3343.7384256, 2880.19587892, 725.961304526, 2339.92830064, 2493.53440925, 710.065856673, 1462.77064117, 1328.67363171, 433.302754279, 1848.03420979, 2222.06733014, 574.573684443, 1999.26182702, 1913.45094885, 581.861073742, 2617.31147503, 2956.83998875, 1787.19192788, 2258.91150727, 2080.46005307, 547.645631671
1693.40377143, 2217.04656071, 711.04587518, 2090.58817009, 2859.70622226, 742.417358821, 4708.40711333, 3546.34094527, 862.881402042, 1055.96065733, 1537.64704085, 480.750395647, 2556.97278012, 2303.29722925, 573.122999327, 1733.37347187, 2256.98899254, 812.418851119, 888.105228214, 994.88001117, 335.277848641, 1196.8103178, 1991.27876915, 583.070990502, 1491.1202419, 1617.79691958, 607.095010156, 1803.32719897, 2728.73228983, 1836.53627574, 1706.73713456, 1709.91283694, 472.142130037
935.511509116, 1579.02734846, 507.046428128, 923.422379586, 1288.01566479, 448.866916226, 698.041633926, 867.370848935, 257.680596947, 551.950580143, 1101.92743062, 380.807125994, 918.282032097, 1073.12101745, 333.552369717, 1248.01884494, 2007.13524077, 685.127243983, 895.658877076, 1196.59096086, 359.848572637, 974.668386669, 1657.65280905, 529.083114026, 914.370019526, 1598.70406956, 474.009216817, 1392.7902641, 2698.51575166, 1421.40429921, 1100.30464538, 1765.01936314, 581.484086425
1508.89757005, 2043.54302352, 555.672742913, 2546.96312287, 2928.16588983, 671.600607879, 4179.66573756, 3983.96766932, 1234.59119199, 1212.85564594, 1377.72784387, 352.088211186, 2953.40077028, 2694.162281, 691.380518187, 1555.27056277, 1927.32697183, 512.864609785, 827.887842396, 875.404647108, 240.690406142, 1401.98585281, 1671.23052761, 492.701079569, 1087.41596628, 1450.81434272, 361.387196614, 1978.13989535, 2444.43185058, 846.488690917, 1252.80468789, 1304.1174537, 408.257453193
1268.39143556, 1595.17770453, 596.986007623, 1426.10275695, 1627.96204143, 520.027683069, 1020.32351117, 1115.22256141, 344.094276844, 969.592457682, 1266.72717117, 397.224639751, 1326.05683206, 1406.36566815, 432.845832157, 1483.99680046, 2126.49500529, 871.494793922, 1069.42374353, 1362.69095232, 425.345249647, 1180.82769275, 1923.74435683, 601.879886133, 1309.61144094, 1573.29236278, 546.906572368, 1460.66799437, 2706.63035253, 1530.48896478, 1380.32074089, 2032.70895839, 657.199692411
1693.18288606, 1999.59800866, 468.637146693, 2815.84519737, 2591.43441376, 547.323715221, 4460.27532385, 3754.33787507, 1157.35041463, 1426.67011215, 1285.66235835, 290.561481892, 2984.7550276, 2352.26246393, 633.696955281, 1617.12778781, 1975.82142932, 586.894722609, 826.549572409, 924.214946074, 297.895075022, 1431.76952518, 1705.71863398, 478.871951331, 1182.9296227, 1435.60013919, 358.672543222, 2163.90210156, 2614.74080916, 919.422465176, 1122.97578563, 1397.82618337, 395.819281882
1791.23500218, 2103.44756983, 499.84705963, 2960.64483489, 3172.28162736, 731.779969949, 4702.85419868, 4302.35464907, 996.029583535, 1484.01585531, 1707.13691954, 337.426012627, 3266.38143035, 2992.15242301, 616.266566683, 1875.53258128, 2167.64203595, 662.070015454, 1143.77361543, 980.637316085, 271.229300794, 1903.80442317, 1955.79931361, 629.867543341, 1367.37856476, 1448.62030774, 364.714498219, 2361.07556908, 3087.49121825, 1079.14582015, 1742.93686798, 1870.75500503, 472.499605721
2351.25732755, 2366.10661622, 662.64271643, 3003.85619613, 3154.19156706, 880.112049211, 5497.1512884, 4128.75344019, 927.275013393, 1477.32896694, 1652.12506558, 501.278111929, 3298.84381052, 2538.38594362, 648.477204941, 2375.51477897, 2492.47618485, 772.805592355, 1300.81009587, 1225.49477036, 363.110524319, 1716.78276557, 1981.06307246, 597.067925432, 1975.37859589, 1969.94337012, 565.131404682, 2527.18488834, 3589.18256296, 1381.53285363, 2015.09922793, 1873.75700684, 509.283348513
1471.99055695, 1901.55020623, 618.315675473, 2100.3859325, 2671.29497535, 1098.3271027, 3343.73692511, 2818.84513814, 613.848933738, 1884.66218902, 1701.32172833, 612.909465547, 2242.31202698, 1968.85869673, 494.246477796, 1201.88228774, 1870.6590769, 643.220648755, 835.689609636, 950.231396707, 306.110379492, 825.40806688, 1379.09562713, 496.293357901, 1100.69027441, 1487.19218792, 451.330583331, 1373.51563398, 2326.83910274, 980.997841823, 1721.08784687, 1501.94556314, 404.229912905
1422.63159546, 1832.7984814, 622.925758048, 1915.84334251, 2242.6290945, 606.183278671, 3127.20869353, 2954.19441578, 735.650163128, 1699.64623107, 2268.16859339, 606.949561661, 2261.30267948, 2801.81312123, 644.801916659, 1417.47889312, 1870.39844209, 689.045368127, 1085.10892448, 1099.37265017, 370.869950648, 1217.86514017, 1694.94542765, 546.536804031, 1250.37810635, 1572.96367348, 576.421962831, 1650.6216702, 2230.61711176, 908.730305767, 1978.62056678, 2213.08237229, 547.226224128
1552.82261366, 1936.84199571, 695.586781292, 2360.0977125, 2349.52565813, 742.868280381, 3494.10907579, 3118.98236242, 868.003197742, 1936.538879, 2080.03061141, 583.669558754, 2962.5867821, 2653.1248289, 695.629723263, 1203.23872661, 1811.86023951, 705.113529978, 913.376532363, 1011.42778455, 384.825671064, 1072.03528585, 1481.58916602, 505.781577318, 1062.49531648, 1660.66757645, 558.805748381, 1470.15635925, 2344.71686202, 1022.5626967, 1639.39002118, 1724.99303419, 430.938955712
1542.53809447, 2563.10209549, 954.822836862, 2551.55652231, 2879.1800955, 725.145570675, 3943.47230991, 3887.69284701, 1086.26425895, 1400.17322194, 1576.32237159, 461.023420068, 2770.60749983, 2644.77583004, 599.7717277, 1564.70680929, 2164.44566648, 666.601355625, 1037.0070441, 1025.043745, 259.317917614, 1610.65276707, 1650.65022548, 450.760753305, 1300.56215829, 1671.97102627, 660.058450929, 1818.45746041, 2728.91410406, 933.587144714, 1770.44032774, 1748.74634801, 509.812594853
1779.81607207, 1931.51981333, 671.428581136, 2197.40196776, 2547.7440185, 738.293382432, 2992.38887884, 3063.46772568, 835.900042457, 1656.356915, 2048.21370203, 739.404019444, 2102.89728483, 2424.99422032, 690.727235686, 1568.94589159, 1725.1173255, 625.545752992, 874.650196784, 1069.13743463, 310.422178499, 1265.72038684, 1723.80725764, 479.861767138, 1346.45518901, 1621.88726839, 505.067592247, 1917.29832037, 2154.80516559, 787.342011036, 1355.9475583, 1588.69855999, 419.03027759
1391.09553261, 1823.26698224, 603.123497195, 1978.32407348, 1989.21317178, 658.470254104, 3248.61864979, 2597.26427779, 703.551935996, 1823.19010932, 1729.39086143, 540.851756039, 2198.98257489, 1844.09603233, 550.914451998, 1238.50725783, 1875.94166467, 589.296343389, 924.751456726, 1125.92806178, 300.885335157, 1185.49049695, 1634.05110182, 471.375347402, 983.71038583, 1480.77890888, 480.70675147, 1569.4047004, 2399.56394373, 954.527111207, 1763.42967666, 1551.07509539, 456.526649805
2314.77022192, 2743.21421555, 850.608963507, 2512.88829065, 3284.72653158, 1038.98139551, 5446.49025102, 4258.95621863, 1065.13556602, 1417.34863038, 1836.39777289, 532.029409432, 3196.48258678, 2803.67719346, 721.639253861, 2234.01207813, 2480.78684889, 724.662185134, 1484.87893794, 1218.72521673, 446.907144183, 1849.64866321, 1923.02039363, 618.391390791, 1938.79222407, 2027.70811198, 649.239197041, 2396.57254668, 2864.97521587, 1241.4856197, 1876.93845105, 1937.69525412, 610.163095619
1841.80994104, 2695.35910741, 1678.22454858, 3139.14798299, 2992.27204353, 767.562577911, 5102.04182651, 4181.79195882, 1080.62437026, 1369.20530757, 1511.00479, 483.871291833, 3545.42440034, 3007.18897479, 613.83744732, 2017.74554518, 2194.05617525, 784.715768675, 1140.47657601, 1155.85907191, 282.626646159, 1839.12008991, 2095.24112192, 681.556949853, 1440.47517896, 1740.22904619, 732.851407367, 2491.05151826, 2941.73467578, 1087.69921778, 1566.21897898, 1608.62579372, 469.123129784
1334.88701056, 1729.69342346, 645.0920095, 1695.74659518, 1784.44615483, 611.037129439, 1989.76081958, 1727.84960457, 536.513507664, 909.573141711, 1166.09307746, 379.644026595, 1685.72223114, 1232.53445922, 374.617567607, 1142.70662928, 1421.08649099, 543.125399576, 709.271950418, 1009.43374161, 386.318322329, 1100.0459041, 1506.3148902, 537.299532898, 744.838395511, 960.407743729, 355.792366611, 1453.71127422, 2001.32143394, 932.327007416, 804.712372889, 1186.73367721, 358.528646973
2362.144715, 2490.60684187, 714.989099484, 3055.38776071, 3000.90324496, 982.828458579, 5880.57442646, 3840.54970317, 907.208854962, 1533.84329646, 1669.07083464, 505.043674315, 3177.35171834, 2614.13971925, 599.347988843, 2174.19830151, 2294.93081319, 726.741238972, 1277.4015939, 1186.73669522, 374.169997383, 1803.74749272, 1920.06886854, 572.74151458, 1851.41271862, 1782.56341124, 626.849752238, 2180.68520522, 2733.63904948, 1271.88706292, 1961.8158848, 1797.32150698, 457.541180607
1074.95820566, 1635.73395182, 624.6598191, 1460.53195353, 1712.01188547, 582.25501298, 2055.20881253, 1837.9866957, 659.414723587, 797.066217366, 1089.30985646, 423.945012508, 1668.37784663, 1303.67428785, 439.715465721, 1046.83121032, 1484.74507397, 605.488242165, 766.553796706, 1208.90804544, 484.469101501, 962.65473317, 1404.54446117, 500.032779456, 703.749555441, 1030.76231255, 439.904509761, 1373.38140048, 2128.09025461, 889.671169351, 881.956683496, 1158.0350052, 415.450565441
1763.57091141, 2216.57241995, 702.116532914, 2676.10777628, 2786.07013793, 883.564093158, 5238.47851427, 3824.95226784, 763.165458968, 1654.23544078, 1491.86184872, 420.560941065, 3113.33298612, 2470.32090676, 551.577324573, 1495.09775849, 2214.17519034, 732.048634264, 814.664190963, 996.980167407, 313.862766464, 1449.02746399, 2068.25510817, 538.652104003, 1237.4554009, 1782.9895852, 633.557580987, 1601.30042798, 2762.45900582, 1623.02043174, 1943.5168647, 1613.71269683, 473.693042927
1310.19421337, 1725.64652765, 534.030041129, 2182.79438186, 2311.98892482, 712.178908043, 3483.61673519, 3940.6972594, 1593.63957937, 912.968969642, 1050.7128066, 303.499901318, 2198.34358755, 2291.58253169, 814.080226769, 1167.71703916, 1670.66512261, 575.212924632, 637.522078126, 806.627456789, 235.249185494, 1260.29003788, 1664.59695659, 636.019490302, 773.103896762, 1123.10860634, 295.761712709, 1560.37255189, 2348.16950454, 1028.61428159, 771.850273384, 1271.57157648, 441.931932474
1424.16026618, 3413.41462039, 1906.84687943, 2557.3246629, 2754.0568847, 1141.77452318, 4184.77240349, 3619.41469921, 1388.89954018, 1246.89756978, 1496.64804088, 469.261090737, 2600.815599, 2398.55366867, 693.591744195, 1351.68712594, 2452.1213154, 961.72660508, 727.14520777, 1134.06487887, 378.284003356, 1076.99281722, 2067.56829106, 672.088846791, 937.84374554, 1835.62023972, 697.31657108, 1920.70570591, 3176.14907316, 1090.94395679, 1214.15560044, 1743.37737263, 561.692865172
1431.22322922, 1755.5067299, 615.221016712, 1036.3077139, 1485.07343575, 653.956475655, 689.577504639, 864.611347593, 319.511612537, 844.606363465, 1206.66345583, 489.650408417, 970.53166909, 1167.40562575, 369.621545881, 1701.05802744, 2179.35894285, 760.917164412, 1141.94866484, 1449.4703939, 443.315461995, 1548.96119335, 1810.44777549, 650.785616655, 1378.52632448, 1750.08644308, 583.776448976, 2067.13722174, 2708.70148148, 1622.67036407, 1207.99287173, 1651.30715618, 682.999359587
1842.32379078, 2267.73808722, 612.806681963, 2219.18065727, 2852.22846142, 1008.63025959, 4898.40013593, 3703.20047811, 851.14014369, 1333.39464774, 1639.1458363, 418.305912781, 2828.22461838, 2519.85515615, 584.190508098, 2189.21453853, 2232.58229535, 690.116403388, 1325.18407711, 924.577407581, 284.233730455, 1643.00808772, 1807.56045426, 594.954219794, 1920.45098659, 1834.68307751, 535.98393579, 2158.68897054, 2510.32039327, 1158.92852587, 1997.84333694, 1705.19879539, 489.494503062
1213.21520601, 1862.39510113, 691.040568866, 1823.56802651, 2738.11095235, 1266.97603718, 2793.26751095, 2946.70206918, 751.123808207, 2076.36853678, 2002.21642006, 640.826114507, 2292.22158775, 2382.74404743, 618.621877391, 889.962832603, 1660.37313939, 707.254090099, 605.156493782, 982.605554138, 380.752186056, 838.212624754, 1314.12484047, 589.559238333, 695.486289134, 1463.93737894, 558.891085035, 1021.04471779, 2066.9927134, 966.030068044, 1322.3125864, 1382.94795567, 495.834437994
1127.17376053, 1421.58943952, 576.763461028, 1488.3222111, 1747.0717775, 731.567255662, 1669.35346405, 1560.86064489, 466.728380697, 725.150492313, 865.698799162, 293.924354346, 1534.50441641, 1125.13772773, 336.156585368, 1252.50663244, 1540.28636208, 629.995636275, 928.361529168, 1092.72800814, 396.454649258, 1072.1976601, 1321.15892532, 517.264443726, 736.030454267, 819.292684558, 299.891570831, 1392.97696758, 2037.21747801, 1194.31250615, 795.627007649, 1111.93937057, 439.671491312
1524.3343461, 2195.77395611, 534.909633672, 2758.38235279, 2796.33330118, 676.477079303, 4374.98957992, 3776.70298911, 1094.06103452, 1327.59287146, 1369.85361199, 305.479892442, 3076.83987487, 2506.07997813, 601.031230485, 1451.329797, 2225.48432642, 675.898350808, 833.076919057, 973.539978026, 273.433456694, 1250.91326467, 1722.14711989, 561.308706974, 947.763434044, 1589.30572769, 368.209322721, 1947.82576481, 2939.86440131, 1023.47345184, 910.823868275, 1449.50775142, 448.194828711
1092.48195681, 1558.39223627, 640.274437788, 1656.4551763, 1913.93374518, 1003.72372263, 1926.32560404, 1768.74241393, 627.546397984, 874.740323405, 1054.63859581, 437.000222974, 1599.82651893, 1263.57386853, 388.258541291, 1136.58194072, 1589.70712101, 788.687913036, 723.814456755, 932.080980738, 401.629298557, 1071.70417035, 1498.09479197, 741.375000665, 686.200220704, 826.143028509, 326.991265464, 1475.87910004, 2567.48502797, 1571.22075358, 1013.35275042, 1254.36404862, 488.358152272
1568.50221161, 1994.3814622, 611.268067906, 1305.04387575, 1643.03989203, 491.308001707, 971.194379966, 1170.24370684, 322.421659443, 982.864832143, 1298.9732966, 439.130931668, 1308.45709844, 1564.75955873, 412.135606128, 1935.05553698, 2583.67478596, 944.202346048, 1417.17744635, 1761.95775313, 528.440119812, 1653.19525473, 2030.58119674, 595.623817583, 1590.46576366, 2100.73636875, 609.873064986, 1981.09211948, 2977.17578453, 1437.90136832, 1401.5979468, 2231.04217158, 716.245514457
1799.29415027, 2084.55419296, 743.439522135, 3557.00937773, 2745.51680525, 667.93201672, 5530.68292065, 3653.56230214, 1028.92653781, 1581.20523328, 1424.45627608, 419.920362171, 3643.06364742, 2589.9135371, 624.776764485, 1777.45411532, 2157.19118449, 745.61142972, 1006.95658388, 947.507630015, 289.545737992, 1740.79018464, 2139.22089312, 658.943189653, 1269.74352967, 1378.50500359, 445.655101504, 2537.08580388, 3317.82499881, 1187.09900931, 1564.48303552, 1668.53346144, 433.524247284
